2 1
1 -12.500000 0.000000 0.000000
2 12.500000 0.000000 0.000000
3 -12.500000 100.000000 0.000000
4 12.500000 100.000000 0.000000
5 -12.500000 0.000000 -7.000000
6 12.500000 0.000000 -7.000000
7 -12.500000 100.000000 -7.000000
8 12.500000 100.000000 -7.000000
9 -9.722222 0.000000 0.000000
10 -6.944444 0.000000 0.000000
11 -4.166667 0.000000 0.000000
12 -1.388889 0.000000 0.000000
13 1.388889 0.000000 0.000000
14 4.166667 0.000000 0.000000
15 6.944444 0.000000 0.000000
16 9.722222 0.000000 0.000000
17 12.500000 2.941176 0.000000
18 12.500000 5.882353 0.000000
19 12.500000 8.823529 0.000000
20 12.500000 11.764706 0.000000
21 12.500000 14.705882 0.000000
22 12.500000 17.647059 0.000000
23 12.500000 20.588235 0.000000
24 12.500000 23.529412 0.000000
25 12.500000 26.470588 0.000000
26 12.500000 29.411765 0.000000
27 12.500000 32.352941 0.000000
28 12.500000 35.294118 0.000000
29 12.500000 38.235294 0.000000
30 12.500000 41.176471 0.000000
31 12.500000 44.117647 0.000000
32 12.500000 47.058824 0.000000
33 12.500000 50.000000 0.000000
34 12.500000 52.941176 0.000000
35 12.500000 55.882353 0.000000
36 12.500000 58.823529 0.000000
37 12.500000 61.764706 0.000000
38 12.500000 64.705882 0.000000
39 12.500000 67.647059 0.000000
40 12.500000 70.588235 0.000000
41 12.500000 73.529412 0.000000
42 12.500000 76.470588 0.000000
43 12.500000 79.411765 0.000000
44 12.500000 82.352941 0.000000
45 12.500000 85.294118 0.000000
46 12.500000 88.235294 0.000000
47 12.500000 91.176471 0.000000
48 12.500000 94.117647 0.000000
49 12.500000 97.058824 0.000000
50 9.722222 100.000000 0.000000
51 6.944444 100.000000 0.000000
52 4.166667 100.000000 0.000000
53 1.388889 100.000000 0.000000
54 -1.388889 100.000000 0.000000
55 -4.166667 100.000000 0.000000
56 -6.944444 100.000000 0.000000
57 -9.722222 100.000000 0.000000
58 -12.500000 97.058824 0.000000
59 -12.500000 94.117647 0.000000
60 -12.500000 91.176471 0.000000
61 -12.500000 88.235294 0.000000
62 -12.500000 85.294118 0.000000
63 -12.500000 82.352941 0.000000
64 -12.500000 79.411765 0.000000
65 -12.500000 76.470588 0.000000
66 -12.500000 73.529412 0.000000
67 -12.500000 70.588235 0.000000
68 -12.500000 67.647059 0.000000
69 -12.500000 64.705882 0.000000
70 -12.500000 61.764706 0.000000
71 -12.500000 58.823529 0.000000
72 -12.500000 55.882353 0.000000
73 -12.500000 52.941176 0.000000
74 -12.500000 50.000000 0.000000
75 -12.500000 47.058824 0.000000
76 -12.500000 44.117647 0.000000
77 -12.500000 41.176471 0.000000
78 -12.500000 38.235294 0.000000
79 -12.500000 35.294118 0.000000
80 -12.500000 32.352941 0.000000
81 -12.500000 29.411765 0.000000
82 -12.500000 26.470588 0.000000
83 -12.500000 23.529412 0.000000
84 -12.500000 20.588235 0.000000
85 -12.500000 17.647059 0.000000
86 -12.500000 14.705882 0.000000
87 -12.500000 11.764706 0.000000
88 -12.500000 8.823529 0.000000
89 -12.500000 5.882353 0.000000
90 -12.500000 2.941176 0.000000
91 -9.722222 0.000000 -7.000000
92 -6.944444 0.000000 -7.000000
93 -4.166667 0.000000 -7.000000
94 -1.388889 0.000000 -7.000000
95 1.388889 0.000000 -7.000000
96 4.166667 0.000000 -7.000000
97 6.944444 0.000000 -7.000000
98 9.722222 0.000000 -7.000000
99 12.500000 2.941176 -7.000000
100 12.500000 5.882353 -7.000000
101 12.500000 8.823529 -7.000000
102 12.500000 11.764706 -7.000000
103 12.500000 14.705882 -7.000000
104 12.500000 17.647059 -7.000000
105 12.500000 20.588235 -7.000000
106 12.500000 23.529412 -7.000000
107 12.500000 26.470588 -7.000000
108 12.500000 29.411765 -7.000000
109 12.500000 32.352941 -7.000000
110 12.500000 35.294118 -7.000000
111 12.500000 38.235294 -7.000000
112 12.500000 41.176471 -7.000000
113 12.500000 44.117647 -7.000000
114 12.500000 47.058824 -7.000000
115 12.500000 50.000000 -7.000000
116 12.500000 52.941176 -7.000000
117 12.500000 55.882353 -7.000000
118 12.500000 58.823529 -7.000000
119 12.500000 61.764706 -7.000000
120 12.500000 64.705882 -7.000000
121 12.500000 67.647059 -7.000000
122 12.500000 70.588235 -7.000000
123 12.500000 73.529412 -7.000000
124 12.500000 76.470588 -7.000000
125 12.500000 79.411765 -7.000000
126 12.500000 82.352941 -7.000000
127 12.500000 85.294118 -7.000000
128 12.500000 88.235294 -7.000000
129 12.500000 91.176471 -7.000000
130 12.500000 94.117647 -7.000000
131 12.500000 97.058824 -7.000000
132 9.722222 100.000000 -7.000000
133 6.944444 100.000000 -7.000000
134 4.166667 100.000000 -7.000000
135 1.388889 100.000000 -7.000000
136 -1.388889 100.000000 -7.000000
137 -4.166667 100.000000 -7.000000
138 -6.944444 100.000000 -7.000000
139 -9.722222 100.000000 -7.000000
140 -12.500000 97.058824 -7.000000
141 -12.500000 94.117647 -7.000000
142 -12.500000 91.176471 -7.000000
143 -12.500000 88.235294 -7.000000
144 -12.500000 85.294118 -7.000000
145 -12.500000 82.352941 -7.000000
146 -12.500000 79.411765 -7.000000
147 -12.500000 76.470588 -7.000000
148 -12.500000 73.529412 -7.000000
149 -12.500000 70.588235 -7.000000
150 -12.500000 67.647059 -7.000000
151 -12.500000 64.705882 -7.000000
152 -12.500000 61.764706 -7.000000
153 -12.500000 58.823529 -7.000000
154 -12.500000 55.882353 -7.000000
155 -12.500000 52.941176 -7.000000
156 -12.500000 50.000000 -7.000000
157 -12.500000 47.058824 -7.000000
158 -12.500000 44.117647 -7.000000
159 -12.500000 41.176471 -7.000000
160 -12.500000 38.235294 -7.000000
161 -12.500000 35.294118 -7.000000
162 -12.500000 32.352941 -7.000000
163 -12.500000 29.411765 -7.000000
164 -12.500000 26.470588 -7.000000
165 -12.500000 23.529412 -7.000000
166 -12.500000 20.588235 -7.000000
167 -12.500000 17.647059 -7.000000
168 -12.500000 14.705882 -7.000000
169 -12.500000 11.764706 -7.000000
170 -12.500000 8.823529 -7.000000
171 -12.500000 5.882353 -7.000000
172 -12.500000 2.941176 -7.000000
173 -12.500000 0.000000 -2.333333
174 -12.500000 0.000000 -4.666667
175 12.500000 0.000000 -2.333333
176 12.500000 0.000000 -4.666667
177 12.500000 100.000000 -2.333333
178 12.500000 100.000000 -4.666667
179 -12.500000 100.000000 -2.333333
180 -12.500000 100.000000 -4.666667
181 0.063616 97.642790 -7.000000
182 0.196459 2.289679 -7.000000
183 9.952866 80.882353 -7.000000
184 -9.962471 16.192558 -7.000000
185 -9.952813 33.823398 -7.000000
186 9.952854 57.352926 -7.000000
187 -9.952831 42.647040 -7.000000
188 9.940913 69.119095 -7.000000
189 -9.952830 25.000191 -7.000000
190 9.952866 48.529418 -7.000000
191 -10.115926 74.957284 -7.000000
192 -9.952867 63.235294 -7.000000
193 -9.952864 54.411770 -7.000000
194 -10.079672 83.825192 -7.000000
195 9.951225 19.099516 -7.000000
196 9.957626 36.764676 -7.000000
197 9.952837 27.941400 -7.000000
198 9.950107 89.733417 -7.000000
199 9.963734 10.286996 -7.000000
200 -9.998001 10.261564 -7.000000
201 -9.952866 89.705882 -7.000000
202 9.955678 42.647063 -7.000000
203 -9.952866 48.529412 -7.000000
204 9.930003 74.964452 -7.000000
205 -9.994195 69.084873 -7.000000
206 9.918027 63.238094 -7.000000
207 5.594775 2.342058 -7.000000
208 5.609894 97.762117 -7.000000
209 -5.650299 2.282372 -7.000000
210 -5.555556 97.594374 -7.000000
211 9.751677 95.680934 -7.000000
212 9.750646 4.325067 -7.000000
213 -9.765997 4.320969 -7.000000
214 -9.776826 95.672114 -7.000000
215 9.932456 7.338874 -7.000000
216 7.434830 8.814760 -7.000000
217 7.432690 11.733267 -7.000000
218 4.910281 10.266103 -7.000000
219 4.903449 13.174850 -7.000000
220 2.384516 11.707858 -7.000000
221 2.379342 14.618856 -7.000000
222 -0.135606 13.151510 -7.000000
223 -0.150464 16.067407 -7.000000
224 2.369226 17.538038 -7.000000
225 -0.166740 18.988757 -7.000000
226 2.353736 20.462881 -7.000000
227 -0.141353 21.917516 -7.000000
228 2.349324 23.393497 -7.000000
229 -0.125879 24.887584 -7.000000
230 2.344801 26.333874 -7.000000
231 -0.174085 27.830198 -7.000000
232 2.330235 29.263864 -7.000000
233 -0.168479 30.730475 -7.000000
234 2.320543 32.203587 -7.000000
235 -0.154116 33.704162 -7.000000
236 2.315287 35.148867 -7.000000
237 -0.206672 36.650395 -7.000000
238 2.297961 38.090895 -7.000000
239 -0.200420 39.551333 -7.000000
240 2.290145 41.025098 -7.000000
241 -0.183791 42.527909 -7.000000
242 2.283787 43.970756 -7.000000
243 -0.239416 45.475327 -7.000000
244 2.267530 46.913567 -7.000000
245 -0.284277 48.374090 -7.000000
246 2.248789 49.844403 -7.000000
247 -0.302822 51.306385 -7.000000
248 2.236330 52.785744 -7.000000
249 -0.315927 54.246045 -7.000000
250 2.227285 55.726655 -7.000000
251 -0.327549 57.186878 -7.000000
252 2.215928 58.667690 -7.000000
253 -0.282912 60.128166 -7.000000
254 2.198596 61.608768 -7.000000
255 -0.258125 63.118552 -7.000000
256 2.191921 64.558105 -7.000000
257 -0.319426 66.069039 -7.000000
258 2.185342 67.502223 -7.000000
259 -0.366713 68.962817 -7.000000
260 2.166406 70.433177 -7.000000
261 -0.385671 71.894371 -7.000000
262 2.153809 73.373343 -7.000000
263 -0.399242 74.833629 -7.000000
264 2.140738 76.314488 -7.000000
265 -0.411613 77.774987 -7.000000
266 2.132190 79.256766 -7.000000
267 -0.421205 80.714677 -7.000000
268 2.166705 82.197360 -7.000000
269 -0.420114 83.651208 -7.000000
270 2.157869 85.129632 -7.000000
271 -0.423977 86.580766 -7.000000
272 2.120110 88.049151 -7.000000
273 -0.436683 89.494276 -7.000000
274 -2.570272 20.489334 -7.000000
275 -2.569513 29.342337 -7.000000
276 -2.591836 38.167396 -7.000000
277 -2.679782 58.708178 -7.000000
278 -2.962124 79.236158 -7.000000
279 -0.128058 10.245175 -7.000000
280 2.065444 90.961676 -7.000000
281 -2.641574 11.686246 -7.000000
282 -2.797182 46.897034 -7.000000
283 -2.857148 52.764860 -7.000000
284 -2.959228 88.032410 -7.000000
285 -2.967103 90.934745 -7.000000
286 -2.790909 67.582243 -7.000000
287 -2.940652 73.352497 -7.000000
288 -2.629537 8.786845 -7.000000
289 4.779446 86.680426 -7.000000
290 4.778062 54.266267 -7.000000
291 4.854713 33.727228 -7.000000
292 4.868842 24.903717 -7.000000
293 4.684532 77.793887 -7.000000
294 4.747039 71.937277 -7.000000
295 4.739861 66.057605 -7.000000
296 4.747562 60.193524 -7.000000
297 4.813458 45.443193 -7.000000
298 4.836643 39.561719 -7.000000
299 4.890509 7.417776 -7.000000
300 -0.155970 7.419331 -7.000000
301 7.418900 14.647780 -7.000000
302 4.877235 19.024684 -7.000000
303 -5.131024 10.220783 -7.000000
304 -5.068911 13.164587 -7.000000
305 -5.062249 7.397328 -7.000000
306 -5.412557 89.555149 -7.000000
307 -5.414073 92.394846 -7.000000
308 -5.400554 86.643655 -7.000000
309 -2.917173 93.866990 -7.000000
310 2.374717 8.804820 -7.000000
311 2.172304 6.232315 -7.000000
312 -0.475714 92.354507 -7.000000
313 1.883131 93.635588 -7.000000
314 4.670142 92.430192 -7.000000
315 7.294211 6.098917 -7.000000
316 -2.646584 5.951475 -7.000000
317 9.933598 92.674535 -7.000000
318 7.207459 93.878255 -7.000000
319 7.317694 91.090576 -7.000000
320 7.333588 88.200206 -7.000000
321 9.886438 86.791029 -7.000000
322 7.329746 85.347934 -7.000000
323 4.800211 83.701379 -7.000000
324 9.922092 83.801885 -7.000000
325 -9.956761 92.640312 -7.000000
326 -9.975753 7.322236 -7.000000
327 4.729374 80.726415 -7.000000
328 7.318693 79.302090 -7.000000
329 7.229019 76.325771 -7.000000
330 4.723466 89.553493 -7.000000
331 -9.990738 86.764778 -7.000000
332 -9.990744 13.230587 -7.000000
333 -2.964375 82.174334 -7.000000
334 -5.447045 80.698958 -7.000000
335 -5.463140 77.811587 -7.000000
336 -7.790851 79.351869 -7.000000
337 -5.370825 83.680281 -7.000000
338 -2.945268 76.303276 -7.000000
339 -5.392393 74.878078 -7.000000
340 -5.311187 71.932747 -7.000000
341 -10.070444 71.980146 -7.000000
342 9.958867 39.705878 -7.000000
343 7.405733 41.176471 -7.000000
344 9.952867 51.470583 -7.000000
345 7.405737 50.000000 -7.000000
346 7.405742 47.058839 -7.000000
347 7.405744 52.941158 -7.000000
348 9.956151 45.588240 -7.000000
349 9.952866 54.411752 -7.000000
350 7.405731 55.882318 -7.000000
351 7.342939 58.782460 -7.000000
352 4.779987 57.207433 -7.000000
353 7.336283 61.720076 -7.000000
354 9.925017 60.280298 -7.000000
355 7.356564 64.688902 -7.000000
356 9.925933 66.175797 -7.000000
357 9.953071 72.054374 -7.000000
358 7.371294 70.548941 -7.000000
359 -9.952872 27.941061 -7.000000
360 -7.434046 26.441120 -7.000000
361 -7.422484 23.545334 -7.000000
362 -7.451274 29.399573 -7.000000
363 -4.984972 24.972368 -7.000000
364 -9.955739 22.062042 -7.000000
365 -7.406408 20.589942 -7.000000
366 -9.955160 19.121690 -7.000000
367 -7.465529 17.616186 -7.000000
368 -9.960436 30.880280 -7.000000
369 -7.427499 32.372825 -7.000000
370 -7.440270 35.266857 -7.000000
371 -4.997898 33.797666 -7.000000
372 -9.958569 36.760051 -7.000000
373 -7.457337 38.223898 -7.000000
374 -9.962396 39.703217 -7.000000
375 -7.430006 41.198611 -7.000000
376 -7.443564 44.090648 -7.000000
377 -5.010405 42.625258 -7.000000
378 9.959417 30.882375 -7.000000
379 7.405838 29.411765 -7.000000
380 7.407450 26.424357 -7.000000
381 9.957336 24.984895 -7.000000
382 9.957601 22.045696 -7.000000
383 7.406934 20.570871 -7.000000
384 9.961294 33.823513 -7.000000
385 7.411222 35.254160 -7.000000
386 -9.952867 60.294119 -7.000000
387 -7.422752 61.794181 -7.000000
388 -7.449134 64.680056 -7.000000
389 -7.435029 58.825312 -7.000000
390 -5.037477 63.225255 -7.000000
391 -9.957749 57.353241 -7.000000
392 -7.485593 55.820918 -7.000000
393 -7.491269 52.869173 -7.000000
394 -9.967120 51.458592 -7.000000
395 -7.492661 49.924265 -7.000000
396 -7.494976 46.980119 -7.000000
397 -9.966988 66.166704 -7.000000
398 -7.576612 67.591599 -7.000000
399 9.952866 77.941176 -7.000000
400 9.955110 16.142140 -7.000000
401 4.758339 69.022495 -7.000000
402 -2.765276 55.713600 -7.000000
403 -9.974040 45.570615 -7.000000
404 -2.845176 49.823808 -7.000000
405 -2.848132 70.493168 -7.000000
406 -2.621184 17.519473 -7.000000
407 4.784932 51.325177 -7.000000
408 9.964243 13.215589 -7.000000
409 4.733400 74.867618 -7.000000
410 7.344544 67.628396 -7.000000
411 4.798670 48.396283 -7.000000
412 -2.923179 85.127109 -7.000000
413 -2.837481 96.998345 -7.000000
414 -2.701422 2.889036 -7.000000
415 2.840718 97.741930 -7.000000
416 2.938292 2.251997 -7.000000
417 4.890304 16.086195 -7.000000
418 -2.602999 14.602503 -7.000000
419 7.414099 44.105074 -7.000000
420 4.812498 42.513921 -7.000000
421 7.420784 38.215399 -7.000000
422 4.856102 36.666378 -7.000000
423 7.416618 17.595198 -7.000000
424 7.403264 32.306946 -7.000000
425 4.827101 30.742636 -7.000000
426 4.864044 27.846702 -7.000000
427 7.425153 23.482094 -7.000000
428 4.864480 21.954646 -7.000000
429 7.357948 82.182174 -7.000000
430 4.761798 63.137830 -7.000000
431 7.402276 73.456859 -7.000000
432 -7.375679 6.085313 -7.000000
433 -7.511281 8.823602 -7.000000
434 -7.502148 14.647350 -7.000000
435 -4.954756 22.082817 -7.000000
436 -4.994817 30.809850 -7.000000
437 -7.531198 11.704644 -7.000000
438 4.406911 95.212484 -7.000000
439 -7.536142 93.806724 -7.000000
440 -5.007740 39.633208 -7.000000
441 8.257626 97.922470 -7.000000
442 8.254971 2.096734 -7.000000
443 -8.266844 2.087500 -7.000000
444 -8.252982 97.887971 -7.000000
445 -5.014192 60.290518 -7.000000
446 -5.045106 16.085468 -7.000000
447 -10.128331 80.809453 -7.000000
448 -5.010542 19.063870 -7.000000
449 -0.640767 95.029884 -7.000000
450 -2.565551 23.480015 -7.000000
451 -2.574462 26.379465 -7.000000
452 -5.001514 27.890785 -7.000000
453 -2.588147 32.291749 -7.000000
454 -2.597094 35.198849 -7.000000
455 -5.015363 36.714645 -7.000000
456 -2.610972 41.118097 -7.000000
457 -2.650503 44.007919 -7.000000
458 -5.067064 45.435589 -7.000000
459 -5.082646 48.356434 -7.000000
460 -5.097456 51.300673 -7.000000
461 -5.104690 54.250092 -7.000000
462 -5.081682 57.239375 -7.000000
463 -2.668047 61.715900 -7.000000
464 -2.695995 64.617172 -7.000000
465 -7.767823 91.144827 -7.000000
466 -5.213755 68.997231 -7.000000
467 4.563932 4.671474 -7.000000
468 -7.766034 88.222133 -7.000000
469 -5.127314 66.115593 -7.000000
470 -7.714946 85.216242 -7.000000
471 -7.773126 76.346974 -7.000000
472 -7.637505 70.486013 -7.000000
473 -7.716763 73.430207 -7.000000
474 -7.755278 82.263666 -7.000000
475 -10.134706 77.891322 -7.000000
476 -4.986916 4.786999 -7.000000
477 -0.358395 4.871716 -7.000000
478 -5.224901 95.049347 -7.000000
479 1.388889 95.916990 -7.000000
480 10.521150 98.021957 -7.000000
481 10.520881 1.979880 -7.000000
482 -10.522644 98.018800 -7.000000
483 -10.522865 1.978908 -7.000000
484 -7.195806 96.030857 -7.000000
485 1.537150 4.055106 -7.000000
486 -7.011375 3.880265 -7.000000
487 7.011010 3.871883 -7.000000
488 7.010790 96.133167 -7.000000
489 -12.500000 98.010521 -3.432354
490 -12.500000 1.989479 -3.432354
491 -12.500000 36.448598 -4.372045
492 -12.500000 19.145246 -2.596276
493 -12.500000 42.753083 -2.574911
494 -12.500000 30.882353 -4.452866
495 -12.500000 7.871832 -4.683233
496 -12.500000 25.000000 -4.452866
497 -12.500000 12.919186 -4.372045
498 -12.500000 48.529412 -4.452866
499 -12.500000 92.128168 -4.683233
500 -12.500000 77.450980 -2.333333
501 -12.500000 86.764706 -2.547134
502 -12.500000 72.058824 -2.547134
503 -12.500000 60.174018 -4.622486
504 -12.500000 54.166667 -2.346311
505 -12.500000 66.176471 -2.547134
506 -12.500000 27.941176 -2.547134
507 -12.500000 33.746395 -2.555415
508 -12.500000 83.823529 -4.452866
509 -12.500000 10.239078 -2.582234
510 -12.500000 74.929972 -4.413838
511 -12.500000 69.117647 -4.452866
512 -12.500000 80.882353 -2.547134
513 -12.500000 16.451363 -4.367519
514 -12.500000 22.553619 -2.341524
515 -12.500000 45.588235 -4.452866
516 -12.500000 39.991979 -4.364467
517 -12.500000 57.578023 -4.681959
518 -12.500000 51.119466 -2.599266
519 -12.500000 63.235294 -4.452866
520 -12.500000 90.109597 -2.371728
521 -12.500000 4.560019 -4.567768
522 -12.500000 95.439981 -4.567768
523 -12.500000 4.032759 -1.858398
524 -12.500000 95.967241 -1.858398
525 -12.500000 19.178145 -5.196040
526 -12.500000 14.705882 -2.469269
527 -12.500000 30.866926 -1.911083
528 -12.500000 6.901595 -2.281939
529 -12.500000 89.196490 -4.769750
530 -12.500000 42.725483 -5.078449
531 -12.500000 33.744881 -5.076065
532 -12.500000 21.665776 -4.764451
533 -12.500000 38.235294 -2.469269
534 -12.500000 45.609440 -1.802275
535 -12.500000 47.984229 -2.217879
536 -12.500000 27.941176 -5.090573
537 -12.500000 10.323666 -5.127502
538 -12.500000 25.098959 -1.868305
539 -12.500000 78.338002 -4.718451
540 -12.500000 52.941176 -4.530731
541 -12.500000 83.823529 -1.909427
542 -12.500000 74.887955 -1.858861
543 -12.500000 93.156517 -2.246854
544 -12.500000 86.662827 -5.153950
545 -12.500000 80.961718 -5.143690
546 -12.500000 69.117647 -1.909427
547 -12.500000 72.044818 -5.082768
548 -12.500000 58.823529 -2.469269
549 -12.500000 66.176471 -5.090573
550 -12.500000 63.385292 -1.871983
551 -12.500000 56.643892 -2.190966
552 -12.500000 12.760141 -1.951547
553 -12.500000 55.120514 -4.814625
554 -12.500000 36.286396 -1.947716
555 -12.500000 40.184032 -1.949419
556 -12.500000 50.998295 -5.049369
557 -12.500000 16.720909 -2.000260
558 -12.500000 61.034395 -2.236101
559 -12.500000 1.898135 -5.333358
560 -12.500000 1.792683 -1.524817
561 -12.500000 98.101865 -5.333358
562 -12.500000 98.207317 -1.524817
563 12.500000 1.989479 -3.432354
564 12.500000 98.010521 -3.567646
565 12.500000 66.176471 -2.547134
566 12.500000 77.941176 -2.547134
567 12.500000 92.493167 -2.405679
568 12.500000 57.352941 -2.547134
569 12.500000 83.823529 -2.547134
570 12.500000 72.058824 -2.547134
571 12.500000 51.576612 -2.574911
572 12.500000 16.176471 -2.547134
573 12.500000 22.058824 -2.547134
574 12.500000 10.294118 -2.547134
575 12.500000 34.313725 -2.333333
576 12.500000 39.389774 -2.627955
577 12.500000 45.833333 -4.653689
578 12.500000 28.431373 -4.666667
579 12.500000 63.725490 -4.666667
580 12.500000 75.000000 -4.452866
581 12.500000 86.658682 -4.425089
582 12.500000 54.426911 -4.448350
583 12.500000 80.882353 -4.452866
584 12.500000 69.117647 -4.452866
585 12.500000 7.871832 -4.683233
586 12.500000 19.117647 -4.452866
587 12.500000 36.706738 -4.419456
588 12.500000 13.235294 -4.452866
589 12.500000 60.294118 -4.452866
590 12.500000 48.895680 -4.404702
591 12.500000 89.352643 -2.603779
592 12.500000 42.434357 -2.413310
593 12.500000 30.882353 -2.547134
594 12.500000 25.000000 -4.452866
595 12.500000 95.594895 -2.429516
596 12.500000 4.560019 -4.567768
597 12.500000 95.963039 -5.076014
598 12.500000 4.032759 -1.858398
599 12.500000 83.802325 -5.085018
600 12.500000 80.882353 -1.909427
601 12.500000 91.176471 -4.530731
602 12.500000 57.355970 -5.089670
603 12.500000 54.435999 -1.914079
604 12.500000 60.294118 -1.796720
605 12.500000 62.826797 -2.243898
606 12.500000 66.274510 -5.133333
607 12.500000 77.941176 -5.090573
608 12.500000 69.117647 -1.909427
609 12.500000 51.568076 -5.085592
610 12.500000 75.000000 -1.909427
611 12.500000 72.058824 -5.090573
612 12.500000 86.672853 -1.915200
613 12.500000 47.058824 -2.469269
614 12.500000 19.117647 -1.909427
615 12.500000 16.176471 -5.090573
616 12.500000 22.058824 -5.090573
617 12.500000 13.235294 -1.909427
618 12.500000 33.405371 -4.719388
619 12.500000 10.397896 -5.136647
620 12.500000 6.910768 -2.276089
621 12.500000 36.787930 -1.876149
622 12.500000 41.176471 -4.530731
623 12.500000 30.889704 -5.103257
624 12.500000 27.532680 -2.275044
625 12.500000 24.918301 -1.855009
626 12.500000 43.356645 -4.813167
627 12.500000 44.880046 -2.189688
628 12.500000 49.019015 -1.955166
629 12.500000 39.230310 -5.048694
630 12.500000 89.218141 -5.046045
631 12.500000 93.420281 -4.740323
632 12.500000 98.206477 -5.462065
633 12.500000 98.132848 -1.666099
634 12.500000 1.898135 -5.333358
635 12.500000 1.792683 -1.524817
636 -10.491902 100.000000 -3.526233
637 10.491902 100.000000 -3.526233
638 -2.777778 100.000000 -4.594374
639 2.777778 100.000000 -4.594374
640 -0.000000 100.000000 -2.405626
641 -5.063893 100.000000 -2.316763
642 5.063893 100.000000 -2.316763
643 -8.161133 100.000000 -2.306206
644 8.161133 100.000000 -2.306206
645 -8.601985 100.000000 -5.022122
646 8.601985 100.000000 -5.022122
647 -2.679445 100.000000 -1.863353
648 -5.952650 100.000000 -4.706578
649 -0.000000 100.000000 -5.118875
650 2.679445 100.000000 -1.863353
651 5.952650 100.000000 -4.706578
652 -10.736650 100.000000 -5.387546
653 -10.675052 100.000000 -1.633155
654 10.675052 100.000000 -1.633155
655 10.736650 100.000000 -5.387546
0 0. 0. 0.
413 309 309 478
309 413 413 449
210 413 413 478
414 316 316 477
316 414 414 476
314 318 318 319
318 314 314 438
182 414 414 477
314 319 319 330
268 270 270 323
413 181 181 449
289 320 320 322
322 324 324 429
320 289 289 330
467 416 416 485
146 447 447 475
294 409 409 431
389 445 445 462
319 320 320 330
353 206 206 354
373 440 440 455
204 329 329 399
328 183 183 399
329 328 328 399
362 436 436 452
323 322 322 429
272 280 280 330
268 323 323 327
365 435 435 448
295 355 355 430
270 289 289 323
294 358 358 401
127 126 126 324
332 434 434 437
358 294 294 431
355 353 353 430
206 353 353 355
414 209 209 476
401 358 358 410
383 195 195 423
280 314 314 330
126 183 183 324
351 353 353 354
321 127 127 324
296 351 351 352
471 339 339 473
355 295 295 410
347 290 290 350
350 290 290 352
351 350 350 352
290 347 347 407
347 345 345 407
289 272 272 330
183 328 328 429
407 345 345 411
218 299 299 310
295 401 401 410
345 346 346 411
297 419 419 420
128 127 127 321
419 343 343 420
255 463 463 464
466 286 286 469
298 421 421 422
285 309 309 312
300 310 310 311
421 385 385 422
302 383 383 423
310 299 299 311
299 216 216 315
188 356 356 410
346 297 297 411
291 424 424 425
424 379 379 425
297 346 346 419
215 212 212 315
241 456 456 457
100 212 212 215
207 416 416 467
409 329 329 431
141 214 214 325
235 453 453 454
129 198 198 317
216 215 215 315
220 218 218 310
343 298 298 420
288 300 300 316
298 343 343 421
229 450 450 451
447 336 336 475
273 285 285 312
170 200 200 326
317 198 198 319
311 467 467 485
301 400 400 408
445 277 277 462
425 379 379 426
379 380 380 426
191 471 471 473
440 276 276 455
198 128 128 321
436 275 275 452
292 380 380 427
324 183 183 429
285 307 307 309
211 317 317 318
380 381 381 427
434 304 304 437
305 288 288 316
280 312 312 313
288 279 279 300
280 273 273 312
327 323 323 429
356 355 355 410
272 273 273 280
211 130 130 317
131 130 130 211
100 99 99 212
172 171 171 213
141 140 140 214
435 274 274 448
385 291 291 422
199 215 215 216
358 188 188 410
213 171 171 326
291 385 385 424
218 216 216 299
289 322 322 323
199 101 101 215
266 268 268 327
272 271 271 273
195 400 400 423
201 142 142 325
400 103 103 408
293 266 266 327
351 296 296 353
292 427 427 428
328 327 327 429
273 284 284 285
333 337 337 412
415 438 438 479
279 220 220 310
281 279 279 288
285 306 306 307
303 288 288 305
329 204 204 431
101 100 100 215
143 201 201 331
142 141 141 325
102 101 101 199
129 128 128 198
222 220 220 279
250 252 252 352
206 355 355 356
270 271 271 272
337 308 308 412
130 129 129 317
398 466 466 469
300 279 279 310
170 169 169 200
143 142 142 201
293 327 327 328
318 317 317 319
168 184 184 332
415 208 208 438
171 170 170 326
217 216 216 218
199 217 217 408
319 198 198 320
270 269 269 271
200 169 169 332
280 313 313 314
456 377 377 457
290 250 250 352
252 296 296 352
453 371 371 454
199 216 216 217
268 269 269 270
121 120 120 356
217 301 301 408
463 390 390 464
273 271 271 284
335 338 338 339
194 144 144 331
144 143 143 331
184 366 366 367
268 267 267 269
265 263 263 338
263 287 287 338
266 267 267 268
222 279 279 281
366 365 365 367
104 103 103 400
195 104 104 400
382 195 195 383
270 272 272 289
380 292 292 426
120 206 206 356
188 121 121 356
333 334 334 337
267 278 278 333
450 363 363 451
269 267 267 333
338 287 287 339
266 265 265 267
184 167 167 366
361 360 360 363
105 195 195 382
278 265 265 338
169 168 168 332
379 197 197 380
364 361 361 365
381 106 106 382
189 360 360 361
364 365 365 366
264 265 265 266
107 106 106 381
166 165 165 364
267 265 265 278
264 266 266 293
166 364 364 366
333 278 278 334
362 368 368 369
368 185 185 369
106 105 105 382
189 361 361 364
167 166 166 366
162 185 185 368
378 197 197 379
287 261 261 405
293 328 328 329
380 197 197 381
360 359 359 362
196 384 384 385
189 359 359 360
369 370 370 371
163 162 162 368
373 374 374 375
159 187 187 374
374 187 187 375
285 284 284 306
160 159 159 374
369 185 185 370
164 163 163 359
189 164 164 359
109 108 108 378
108 197 197 378
196 110 110 384
165 189 189 364
339 287 287 340
161 160 160 372
109 378 378 384
372 160 160 374
375 376 376 377
197 107 107 381
375 187 187 376
202 342 342 343
396 376 376 403
281 288 288 303
203 396 396 403
370 372 372 373
203 395 395 396
119 118 118 354
345 190 190 346
203 394 394 395
113 202 202 348
186 349 349 350
344 190 190 345
206 119 119 354
186 117 117 349
186 350 350 351
344 345 345 347
118 186 186 354
110 109 109 384
193 392 392 393
394 393 393 395
203 156 156 394
156 155 155 394
114 113 113 348
117 116 116 349
193 391 391 392
391 389 389 392
193 154 154 391
116 115 115 344
115 190 190 344
386 387 387 389
386 192 192 387
154 153 153 391
387 388 388 390
388 397 397 398
397 205 205 398
152 192 192 386
153 152 152 386
150 205 205 397
349 347 347 350
387 192 192 388
151 150 150 397
357 188 188 358
376 187 187 403
149 148 148 341
202 112 112 342
115 114 114 190
148 191 191 341
122 121 121 188
125 124 124 399
124 204 204 399
126 125 125 183
124 123 123 204
204 123 123 357
155 154 154 193
157 156 156 203
120 119 119 206
122 188 188 357
165 164 164 189
105 104 104 195
108 107 107 197
112 111 111 342
111 110 110 196
145 144 144 194
152 151 151 192
148 147 147 191
123 122 122 357
118 117 117 186
159 158 158 187
162 161 161 185
168 167 167 184
111 196 196 342
113 112 112 202
205 149 149 341
150 149 149 205
183 125 125 399
153 386 386 391
263 261 261 287
386 389 389 391
192 151 151 397
264 263 263 265
155 193 193 394
262 263 263 264
193 393 393 394
262 261 261 263
260 262 262 294
388 192 192 397
259 257 257 286
260 261 261 262
186 351 351 354
260 259 259 261
116 344 344 349
258 259 259 260
260 294 294 401
258 257 257 259
256 258 258 295
258 260 260 401
256 257 257 258
295 258 258 401
346 190 190 348
256 255 255 257
157 203 203 403
187 158 158 403
254 255 255 256
344 347 347 349
254 253 253 255
252 254 254 296
253 251 251 277
252 253 253 254
190 114 114 348
185 161 161 372
252 251 251 253
248 250 250 290
249 247 247 283
250 251 251 252
359 163 163 368
250 249 249 251
249 283 283 402
277 251 251 402
251 249 249 402
248 249 249 250
158 157 157 403
248 247 247 249
373 372 372 374
283 247 247 404
246 247 247 248
245 243 243 282
246 245 245 247
340 287 287 405
245 282 282 404
247 245 245 404
244 245 245 246
362 359 359 368
370 185 185 372
244 243 243 245
242 244 244 297
242 243 243 244
242 241 241 243
240 241 241 242
240 239 239 241
238 240 240 298
239 237 237 276
238 239 239 240
238 237 237 239
234 236 236 291
236 237 237 238
236 235 235 237
261 259 259 405
234 235 235 236
335 278 278 338
234 233 233 235
334 335 335 336
233 231 231 275
232 233 233 234
259 286 286 405
232 231 231 233
228 230 230 292
230 231 231 232
225 223 223 406
334 278 278 335
293 329 329 409
230 229 229 231
102 199 199 408
248 290 290 407
264 293 293 409
228 229 229 230
294 262 262 409
228 227 227 229
219 218 218 220
227 225 225 274
217 218 218 219
226 227 227 228
224 226 226 302
427 383 383 428
246 248 248 407
221 220 220 222
226 225 225 227
269 333 333 412
103 102 102 408
274 225 225 406
297 244 244 411
262 264 264 409
221 222 222 223
224 225 225 226
221 223 223 224
284 271 271 412
246 407 407 411
224 223 223 225
202 343 343 419
346 348 348 419
219 220 220 221
322 321 321 324
308 284 284 412
320 321 321 322
406 223 223 418
244 246 246 411
383 302 302 428
242 297 297 420
298 240 240 420
219 221 221 417
217 219 219 301
271 269 269 412
222 281 281 418
196 385 385 421
343 342 342 421
320 198 198 321
301 219 219 417
224 302 302 417
281 304 304 418
400 301 301 423
348 202 202 419
238 298 298 422
291 236 236 422
306 284 284 308
281 303 303 304
221 224 224 417
223 222 222 418
378 379 379 424
385 384 384 424
134 133 133 208
97 96 96 207
135 134 134 415
96 95 95 416
136 135 135 181
95 94 94 182
94 93 93 414
137 136 136 413
138 137 137 210
93 92 92 209
234 291 291 425
240 242 242 420
381 382 382 427
292 230 230 426
228 292 292 428
342 196 196 421
302 226 226 428
332 184 184 434
353 296 296 430
236 238 238 422
256 295 295 430
296 254 254 430
204 357 357 431
384 378 378 424
134 208 208 415
207 96 96 416
95 182 182 416
181 135 135 415
300 311 311 477
182 94 94 414
136 181 181 413
210 137 137 413
93 209 209 414
232 234 234 425
417 302 302 423
301 417 417 423
232 425 425 426
313 312 312 449
230 232 232 426
382 383 383 427
226 228 228 428
365 361 361 435
326 200 200 433
362 369 369 436
213 326 326 432
254 256 256 430
373 375 375 440
357 358 358 431
305 432 432 433
200 332 332 437
389 387 387 445
194 470 470 474
303 305 305 433
470 337 337 474
184 367 367 434
299 315 315 467
146 145 145 447
432 326 326 433
318 438 438 488
231 229 229 451
227 274 274 450
208 133 133 441
97 207 207 442
138 210 210 444
209 92 92 443
418 304 304 446
233 275 275 453
237 235 235 454
446 367 367 448
239 276 276 456
325 214 214 439
243 241 241 457
433 200 200 437
438 313 313 479
367 365 365 448
361 363 363 435
335 339 339 471
253 277 277 463
257 255 255 464
303 433 433 437
405 286 286 466
369 371 371 436
360 362 362 452
334 336 336 474
465 306 306 468
314 313 313 438
304 303 303 437
98 97 97 442
133 132 132 441
139 138 138 444
92 91 91 443
304 434 434 446
375 377 377 440
307 306 306 465
370 373 373 455
434 367 367 446
274 435 435 450
376 396 396 458
458 396 396 459
396 395 395 459
439 307 307 465
312 309 309 449
459 395 395 460
395 393 393 460
387 390 390 445
275 436 436 453
460 393 393 461
468 308 308 470
393 392 392 461
461 392 392 462
392 389 389 462
406 418 418 446
306 308 308 468
325 439 439 465
406 446 446 448
276 440 440 456
435 363 363 450
432 305 305 476
145 194 194 447
388 398 398 469
363 360 360 452
205 341 341 472
274 406 406 448
341 191 191 473
472 341 341 473
308 337 337 470
371 370 370 455
229 227 227 450
147 146 146 475
277 445 445 463
436 371 371 453
377 376 376 458
275 231 231 451
315 212 212 487
235 233 233 453
390 388 388 469
211 318 318 488
276 237 237 454
336 447 447 474
440 377 377 456
8 131 131 480
99 6 6 481
140 7 7 482
5 172 172 483
191 147 147 475
398 205 205 472
241 239 239 456
282 243 243 457
6 98 98 481
132 8 8 480
7 139 139 482
91 5 5 483
282 458 458 459
404 282 282 459
404 459 459 460
283 404 404 460
283 460 460 461
311 299 299 467
402 283 283 461
201 465 465 468
402 461 461 462
213 432 432 486
277 402 402 462
255 253 253 463
201 325 325 465
286 257 257 464
331 201 201 468
331 468 468 470
340 405 405 466
445 390 390 463
194 331 331 470
336 335 335 471
337 334 334 474
340 472 472 473
339 340 340 473
439 214 214 484
316 300 300 477
305 316 316 476
212 442 442 487
441 211 211 488
214 444 444 484
443 213 213 486
451 363 363 452
447 194 194 474
454 371 371 455
309 307 307 478
275 451 451 452
457 377 377 458
276 454 454 455
464 390 390 469
477 311 311 485
282 457 457 458
466 398 398 472
471 191 191 475
438 208 208 488
307 439 439 478
313 449 449 479
286 464 464 469
467 315 315 487
340 466 466 472
212 99 99 481
131 211 211 480
172 213 213 483
214 140 140 482
336 471 471 475
432 476 476 486
181 415 415 479
416 182 182 485
211 441 441 480
442 212 212 481
213 443 443 483
444 214 214 482
444 210 210 484
209 443 443 486
442 207 207 487
208 441 441 488
210 478 478 484
441 132 132 480
98 442 442 481
139 444 444 482
443 91 91 483
449 181 181 479
207 467 467 487
476 209 209 486
182 477 477 485
478 439 439 484
515 534 534 535
498 515 515 535
525 492 492 532
492 514 514 532
500 512 512 539
539 512 512 545
501 520 520 529
501 529 529 544
521 523 523 528
524 522 522 543
495 521 521 528
522 499 499 543
522 489 489 561
490 521 521 559
520 499 499 529
507 491 491 531
508 501 501 544
506 496 496 538
496 506 506 536
516 493 493 530
502 510 510 547
511 502 502 547
509 495 495 528
501 508 508 541
493 515 515 530
502 511 511 546
494 507 507 531
515 493 493 534
505 519 519 550
495 509 509 537
510 502 502 542
519 505 505 549
514 496 496 532
494 506 506 527
506 494 494 536
509 497 497 537
508 512 512 541
496 514 514 538
513 492 492 525
518 498 498 535
499 520 520 543
507 494 494 527
511 505 505 546
505 511 511 549
512 508 508 545
510 500 500 539
500 510 510 542
140 522 522 561
521 172 172 559
491 507 507 554
497 509 509 552
493 516 516 555
498 518 518 556
492 513 513 557
489 524 524 562
523 490 490 560
500 64 64 512
62 61 61 501
141 142 142 499
168 497 497 513
67 66 66 502
149 150 150 511
69 68 68 505
153 154 154 517
74 73 73 518
159 160 160 516
157 158 158 515
85 84 84 492
73 504 504 518
88 87 87 509
498 157 157 515
503 153 153 517
73 72 72 504
82 81 81 506
164 165 165 496
168 169 169 497
160 161 161 491
64 63 63 512
492 84 84 514
144 145 145 508
147 148 148 510
151 152 152 519
160 491 491 516
77 76 76 493
80 79 79 507
84 83 83 514
152 153 153 503
162 163 163 494
170 171 171 495
167 168 168 513
152 503 503 519
65 64 64 500
156 157 157 498
501 61 61 520
61 60 60 520
71 70 70 558
140 141 141 522
171 172 172 521
1 90 90 560
172 5 5 559
58 3 3 562
7 140 140 561
495 171 171 521
141 499 499 522
491 161 161 531
499 142 142 529
62 501 501 541
82 506 506 538
144 508 508 544
515 158 158 530
164 496 496 536
159 516 516 530
506 81 81 527
496 165 165 532
502 66 66 542
88 509 509 528
170 495 495 537
511 150 150 549
74 518 518 535
497 169 169 537
149 511 511 547
520 60 60 543
514 83 83 538
494 163 163 536
510 148 148 547
151 519 519 549
67 502 502 546
167 513 513 525
69 505 505 550
493 76 76 534
80 507 507 527
162 494 494 531
512 63 63 541
65 500 500 542
147 510 510 539
505 68 68 546
508 145 145 545
548 71 71 558
87 86 86 552
154 155 155 553
79 78 78 554
86 85 85 557
155 156 156 556
78 77 77 555
72 71 71 551
521 490 490 523
489 522 522 524
519 503 503 558
179 180 180 489
174 173 173 490
524 58 58 562
90 523 523 560
551 517 517 553
504 551 551 553
90 89 89 523
59 58 58 524
86 526 526 552
155 540 540 553
526 86 86 557
78 533 533 554
71 548 548 551
540 155 155 556
533 78 78 555
523 89 89 528
59 524 524 543
550 519 519 558
146 539 539 545
513 497 497 526
169 170 170 537
148 149 149 547
166 167 167 525
142 143 143 529
76 75 75 534
534 75 75 535
165 166 166 532
83 82 82 538
163 164 164 536
158 159 159 530
81 80 80 527
89 88 88 528
518 504 504 540
161 162 162 531
516 491 491 533
60 59 59 543
63 62 62 541
166 525 525 532
503 517 517 548
66 65 65 542
75 74 74 535
145 146 146 545
146 147 147 539
529 143 143 544
70 69 69 550
143 144 144 544
150 151 151 549
68 67 67 546
517 154 154 553
507 79 79 554
77 493 493 555
509 87 87 552
504 72 72 551
85 492 492 557
156 498 498 556
179 489 489 562
174 490 490 559
490 173 173 560
489 180 180 561
173 1 1 560
5 174 174 559
180 7 7 561
3 179 179 562
70 550 550 558
513 526 526 557
533 491 491 554
516 533 533 555
526 497 497 552
518 540 540 556
540 504 504 553
548 517 517 551
503 548 548 558
579 605 589 589
589 605 604 604
593 618 575 575
593 623 618 618
578 624 594 594
624 625 594 594
596 620 598 598
585 620 596 596
563 634 596 596
564 633 595 595
569 599 581 581
583 599 569 569
580 610 570 570
566 610 580 580
582 602 568 568
569 600 583 583
571 609 582 582
579 606 565 565
570 611 580 580
580 607 566 566
565 605 579 579
568 602 589 589
570 608 584 584
573 614 586 586
589 604 568 568
583 600 566 566
582 603 571 571
584 611 570 570
586 616 573 573
581 612 569 569
588 615 572 572
585 619 574 574
591 612 581 581
574 620 585 585
565 606 584 584
572 617 588 588
584 608 565 565
566 607 583 583
568 603 582 582
590 609 571 571
573 616 594 594
576 621 587 587
593 624 578 578
594 625 573 573
578 623 593 593
575 618 587 587
587 621 575 575
588 617 574 574
586 614 572 572
572 615 586 586
574 619 588 588
596 634 99 99
595 633 49 49
581 630 591 591
571 628 590 590
587 629 576 576
598 635 563 563
597 632 564 564
579 589 119 119
38 565 39 39
42 566 43 43
47 567 48 48
122 584 121 121
30 592 31 31
115 590 114 114
107 594 106 106
47 591 567 567
126 583 125 125
26 593 27 27
114 590 577 577
27 593 575 575
576 592 30 30
117 582 116 116
40 570 41 41
46 591 47 47
124 580 123 123
114 577 113 113
120 579 119 119
128 581 127 127
21 572 22 22
23 573 24 24
105 586 104 104
111 587 110 110
101 585 100 100
108 578 107 107
29 576 30 30
35 568 36 36
119 589 118 118
19 574 20 20
103 588 102 102
578 594 107 107
33 571 34 34
27 575 28 28
44 569 45 45
48 595 49 49
100 596 99 99
49 633 4 4
8 632 131 131
2 635 17 17
99 634 6 6
567 631 595 595
567 595 48 48
585 596 100 100
595 631 597 597
101 619 585 585
569 612 45 45
594 616 106 106
589 602 118 118
23 614 573 573
103 615 588 588
581 599 127 127
40 608 570 570
580 611 123 123
124 607 580 580
19 620 574 574
44 600 569 569
120 606 579 579
587 618 110 110
105 616 586 586
38 605 565 565
122 611 584 584
35 603 568 568
117 602 582 582
21 617 572 572
570 610 41 41
571 603 34 34
46 612 591 591
566 600 43 43
575 621 28 28
115 609 590 590
584 606 121 121
583 607 125 125
126 599 583 583
42 610 566 566
582 609 116 116
26 624 593 593
108 623 578 578
568 604 36 36
29 621 576 576
574 617 20 20
586 615 104 104
588 619 102 102
573 625 24 24
565 608 39 39
572 614 22 22
129 630 128 128
31 627 32 32
112 629 111 111
32 628 33 33
113 626 112 112
595 597 564 564
596 598 563 563
130 631 129 129
177 564 178 178
176 563 175 175
17 635 598 598
131 632 597 597
577 627 626 626
626 627 592 592
17 598 18 18
131 597 130 130
601 630 129 129
622 629 112 112
32 627 613 613
112 626 622 622
613 628 32 32
598 620 18 18
129 631 601 601
125 607 124 124
127 599 126 126
39 608 40 40
121 606 120 120
45 612 46 46
43 600 44 44
34 603 35 35
604 605 37 37
41 610 42 42
116 609 115 115
37 605 38 38
123 611 122 122
591 601 567 567
25 625 624 624
118 602 117 117
590 613 577 577
102 619 101 101
36 604 37 37
576 622 592 592
618 623 109 109
20 617 21 21
25 624 26 26
109 623 108 108
24 625 25 25
28 621 29 29
104 615 103 103
18 620 19 19
106 616 105 105
22 614 23 23
110 618 109 109
592 627 31 31
111 629 587 587
577 626 113 113
33 628 571 571
128 630 581 581
564 632 178 178
177 633 564 564
176 634 563 563
563 635 175 175
4 633 177 177
178 632 8 8
175 635 2 2
6 634 176 176
601 631 567 567
591 630 601 601
590 628 613 613
613 627 577 577
576 629 622 622
622 626 592 592
597 631 130 130
645 643 643 648
644 646 646 651
643 641 641 648
642 644 644 651
641 638 638 648
638 641 641 647
640 638 638 647
638 640 640 649
640 639 639 649
639 640 640 650
642 639 639 650
639 642 642 651
134 135 135 639
52 51 51 642
54 53 53 640
56 55 55 641
136 137 137 638
51 50 50 644
57 56 56 643
639 135 135 649
638 137 137 648
54 640 640 647
641 55 55 647
136 638 638 649
52 642 642 650
640 53 53 650
134 639 639 651
642 51 51 644
56 641 641 643
180 179 179 636
177 178 178 637
138 139 139 645
132 133 133 646
636 643 643 645
644 637 637 646
3 57 57 653
139 7 7 652
50 4 4 654
8 132 132 655
646 133 133 651
138 645 645 648
55 54 54 647
135 136 136 649
137 138 138 648
53 52 52 650
133 134 134 651
644 50 50 654
57 643 643 653
7 180 180 652
178 8 8 655
179 3 3 653
4 177 177 654
637 644 644 654
643 636 636 653
636 645 645 652
646 637 637 655
645 139 139 652
132 646 646 655
180 636 636 652
636 179 179 653
637 178 178 655
177 637 637 654
0 0 0 0
