2 1
1 -12.500000 0.000000 0.000000
2 -12.500000 100.000000 0.000000
3 12.500000 0.000000 0.000000
4 12.500000 100.000000 0.000000
5 -15.000000 0.000000 -7.000000
6 -15.000000 100.000000 -7.000000
7 15.000000 0.000000 -7.000000
8 15.000000 100.000000 -7.000000
9 -15.000000 0.000000 -6.500000
10 -15.000000 100.000000 -6.500000
11 15.000000 0.000000 -6.500000
12 15.000000 100.000000 -6.500000
13 -12.500000 0.000000 -6.500000
14 -12.500000 100.000000 -6.500000
15 12.500000 0.000000 -6.500000
16 12.500000 100.000000 -6.500000
17 -12.500000 2.941176 0.000000
18 -12.500000 5.882353 0.000000
19 -12.500000 8.823529 0.000000
20 -12.500000 11.764706 0.000000
21 -12.500000 14.705882 0.000000
22 -12.500000 17.647059 0.000000
23 -12.500000 20.588235 0.000000
24 -12.500000 23.529412 0.000000
25 -12.500000 26.470588 0.000000
26 -12.500000 29.411765 0.000000
27 -12.500000 32.352941 0.000000
28 -12.500000 35.294118 0.000000
29 -12.500000 38.235294 0.000000
30 -12.500000 41.176471 0.000000
31 -12.500000 44.117647 0.000000
32 -12.500000 47.058824 0.000000
33 -12.500000 50.000000 0.000000
34 -12.500000 52.941176 0.000000
35 -12.500000 55.882353 0.000000
36 -12.500000 58.823529 0.000000
37 -12.500000 61.764706 0.000000
38 -12.500000 64.705882 0.000000
39 -12.500000 67.647059 0.000000
40 -12.500000 70.588235 0.000000
41 -12.500000 73.529412 0.000000
42 -12.500000 76.470588 0.000000
43 -12.500000 79.411765 0.000000
44 -12.500000 82.352941 0.000000
45 -12.500000 85.294118 0.000000
46 -12.500000 88.235294 0.000000
47 -12.500000 91.176471 0.000000
48 -12.500000 94.117647 0.000000
49 -12.500000 97.058824 0.000000
50 -9.722222 100.000000 0.000000
51 -6.944444 100.000000 0.000000
52 -4.166667 100.000000 0.000000
53 -1.388889 100.000000 0.000000
54 1.388889 100.000000 0.000000
55 4.166667 100.000000 0.000000
56 6.944444 100.000000 0.000000
57 9.722222 100.000000 0.000000
58 12.500000 97.058824 0.000000
59 12.500000 94.117647 0.000000
60 12.500000 91.176471 0.000000
61 12.500000 88.235294 0.000000
62 12.500000 85.294118 0.000000
63 12.500000 82.352941 0.000000
64 12.500000 79.411765 0.000000
65 12.500000 76.470588 0.000000
66 12.500000 73.529412 0.000000
67 12.500000 70.588235 0.000000
68 12.500000 67.647059 0.000000
69 12.500000 64.705882 0.000000
70 12.500000 61.764706 0.000000
71 12.500000 58.823529 0.000000
72 12.500000 55.882353 0.000000
73 12.500000 52.941176 0.000000
74 12.500000 50.000000 0.000000
75 12.500000 47.058824 0.000000
76 12.500000 44.117647 0.000000
77 12.500000 41.176471 0.000000
78 12.500000 38.235294 0.000000
79 12.500000 35.294118 0.000000
80 12.500000 32.352941 0.000000
81 12.500000 29.411765 0.000000
82 12.500000 26.470588 0.000000
83 12.500000 23.529412 0.000000
84 12.500000 20.588235 0.000000
85 12.500000 17.647059 0.000000
86 12.500000 14.705882 0.000000
87 12.500000 11.764706 0.000000
88 12.500000 8.823529 0.000000
89 12.500000 5.882353 0.000000
90 12.500000 2.941176 0.000000
91 9.722222 0.000000 0.000000
92 6.944444 0.000000 0.000000
93 4.166667 0.000000 0.000000
94 1.388889 0.000000 0.000000
95 -1.388889 0.000000 0.000000
96 -4.166667 0.000000 0.000000
97 -6.944444 0.000000 0.000000
98 -9.722222 0.000000 0.000000
99 -15.000000 2.941176 -7.000000
100 -15.000000 5.882353 -7.000000
101 -15.000000 8.823529 -7.000000
102 -15.000000 11.764706 -7.000000
103 -15.000000 14.705882 -7.000000
104 -15.000000 17.647059 -7.000000
105 -15.000000 20.588235 -7.000000
106 -15.000000 23.529412 -7.000000
107 -15.000000 26.470588 -7.000000
108 -15.000000 29.411765 -7.000000
109 -15.000000 32.352941 -7.000000
110 -15.000000 35.294118 -7.000000
111 -15.000000 38.235294 -7.000000
112 -15.000000 41.176471 -7.000000
113 -15.000000 44.117647 -7.000000
114 -15.000000 47.058824 -7.000000
115 -15.000000 50.000000 -7.000000
116 -15.000000 52.941176 -7.000000
117 -15.000000 55.882353 -7.000000
118 -15.000000 58.823529 -7.000000
119 -15.000000 61.764706 -7.000000
120 -15.000000 64.705882 -7.000000
121 -15.000000 67.647059 -7.000000
122 -15.000000 70.588235 -7.000000
123 -15.000000 73.529412 -7.000000
124 -15.000000 76.470588 -7.000000
125 -15.000000 79.411765 -7.000000
126 -15.000000 82.352941 -7.000000
127 -15.000000 85.294118 -7.000000
128 -15.000000 88.235294 -7.000000
129 -15.000000 91.176471 -7.000000
130 -15.000000 94.117647 -7.000000
131 -15.000000 97.058824 -7.000000
132 -12.000000 100.000000 -7.000000
133 -9.000000 100.000000 -7.000000
134 -6.000000 100.000000 -7.000000
135 -3.000000 100.000000 -7.000000
136 0.000000 100.000000 -7.000000
137 3.000000 100.000000 -7.000000
138 6.000000 100.000000 -7.000000
139 9.000000 100.000000 -7.000000
140 12.000000 100.000000 -7.000000
141 15.000000 97.058824 -7.000000
142 15.000000 94.117647 -7.000000
143 15.000000 91.176471 -7.000000
144 15.000000 88.235294 -7.000000
145 15.000000 85.294118 -7.000000
146 15.000000 82.352941 -7.000000
147 15.000000 79.411765 -7.000000
148 15.000000 76.470588 -7.000000
149 15.000000 73.529412 -7.000000
150 15.000000 70.588235 -7.000000
151 15.000000 67.647059 -7.000000
152 15.000000 64.705882 -7.000000
153 15.000000 61.764706 -7.000000
154 15.000000 58.823529 -7.000000
155 15.000000 55.882353 -7.000000
156 15.000000 52.941176 -7.000000
157 15.000000 50.000000 -7.000000
158 15.000000 47.058824 -7.000000
159 15.000000 44.117647 -7.000000
160 15.000000 41.176471 -7.000000
161 15.000000 38.235294 -7.000000
162 15.000000 35.294118 -7.000000
163 15.000000 32.352941 -7.000000
164 15.000000 29.411765 -7.000000
165 15.000000 26.470588 -7.000000
166 15.000000 23.529412 -7.000000
167 15.000000 20.588235 -7.000000
168 15.000000 17.647059 -7.000000
169 15.000000 14.705882 -7.000000
170 15.000000 11.764706 -7.000000
171 15.000000 8.823529 -7.000000
172 15.000000 5.882353 -7.000000
173 15.000000 2.941176 -7.000000
174 12.000000 0.000000 -7.000000
175 9.000000 0.000000 -7.000000
176 6.000000 0.000000 -7.000000
177 3.000000 0.000000 -7.000000
178 0.000000 0.000000 -7.000000
179 -3.000000 0.000000 -7.000000
180 -6.000000 0.000000 -7.000000
181 -9.000000 0.000000 -7.000000
182 -12.000000 0.000000 -7.000000
183 -15.000000 97.058824 -6.500000
184 -15.000000 94.117647 -6.500000
185 -15.000000 91.176471 -6.500000
186 -15.000000 88.235294 -6.500000
187 -15.000000 85.294118 -6.500000
188 -15.000000 82.352941 -6.500000
189 -15.000000 79.411765 -6.500000
190 -15.000000 76.470588 -6.500000
191 -15.000000 73.529412 -6.500000
192 -15.000000 70.588235 -6.500000
193 -15.000000 67.647059 -6.500000
194 -15.000000 64.705882 -6.500000
195 -15.000000 61.764706 -6.500000
196 -15.000000 58.823529 -6.500000
197 -15.000000 55.882353 -6.500000
198 -15.000000 52.941176 -6.500000
199 -15.000000 50.000000 -6.500000
200 -15.000000 47.058824 -6.500000
201 -15.000000 44.117647 -6.500000
202 -15.000000 41.176471 -6.500000
203 -15.000000 38.235294 -6.500000
204 -15.000000 35.294118 -6.500000
205 -15.000000 32.352941 -6.500000
206 -15.000000 29.411765 -6.500000
207 -15.000000 26.470588 -6.500000
208 -15.000000 23.529412 -6.500000
209 -15.000000 20.588235 -6.500000
210 -15.000000 17.647059 -6.500000
211 -15.000000 14.705882 -6.500000
212 -15.000000 11.764706 -6.500000
213 -15.000000 8.823529 -6.500000
214 -15.000000 5.882353 -6.500000
215 -15.000000 2.941176 -6.500000
216 15.000000 97.058824 -6.500000
217 15.000000 94.117647 -6.500000
218 15.000000 91.176471 -6.500000
219 15.000000 88.235294 -6.500000
220 15.000000 85.294118 -6.500000
221 15.000000 82.352941 -6.500000
222 15.000000 79.411765 -6.500000
223 15.000000 76.470588 -6.500000
224 15.000000 73.529412 -6.500000
225 15.000000 70.588235 -6.500000
226 15.000000 67.647059 -6.500000
227 15.000000 64.705882 -6.500000
228 15.000000 61.764706 -6.500000
229 15.000000 58.823529 -6.500000
230 15.000000 55.882353 -6.500000
231 15.000000 52.941176 -6.500000
232 15.000000 50.000000 -6.500000
233 15.000000 47.058824 -6.500000
234 15.000000 44.117647 -6.500000
235 15.000000 41.176471 -6.500000
236 15.000000 38.235294 -6.500000
237 15.000000 35.294118 -6.500000
238 15.000000 32.352941 -6.500000
239 15.000000 29.411765 -6.500000
240 15.000000 26.470588 -6.500000
241 15.000000 23.529412 -6.500000
242 15.000000 20.588235 -6.500000
243 15.000000 17.647059 -6.500000
244 15.000000 14.705882 -6.500000
245 15.000000 11.764706 -6.500000
246 15.000000 8.823529 -6.500000
247 15.000000 5.882353 -6.500000
248 15.000000 2.941176 -6.500000
249 -12.500000 97.058824 -6.500000
250 -12.500000 94.117647 -6.500000
251 -12.500000 91.176471 -6.500000
252 -12.500000 88.235294 -6.500000
253 -12.500000 85.294118 -6.500000
254 -12.500000 82.352941 -6.500000
255 -12.500000 79.411765 -6.500000
256 -12.500000 76.470588 -6.500000
257 -12.500000 73.529412 -6.500000
258 -12.500000 70.588235 -6.500000
259 -12.500000 67.647059 -6.500000
260 -12.500000 64.705882 -6.500000
261 -12.500000 61.764706 -6.500000
262 -12.500000 58.823529 -6.500000
263 -12.500000 55.882353 -6.500000
264 -12.500000 52.941176 -6.500000
265 -12.500000 50.000000 -6.500000
266 -12.500000 47.058824 -6.500000
267 -12.500000 44.117647 -6.500000
268 -12.500000 41.176471 -6.500000
269 -12.500000 38.235294 -6.500000
270 -12.500000 35.294118 -6.500000
271 -12.500000 32.352941 -6.500000
272 -12.500000 29.411765 -6.500000
273 -12.500000 26.470588 -6.500000
274 -12.500000 23.529412 -6.500000
275 -12.500000 20.588235 -6.500000
276 -12.500000 17.647059 -6.500000
277 -12.500000 14.705882 -6.500000
278 -12.500000 11.764706 -6.500000
279 -12.500000 8.823529 -6.500000
280 -12.500000 5.882353 -6.500000
281 -12.500000 2.941176 -6.500000
282 12.500000 97.058824 -6.500000
283 12.500000 94.117647 -6.500000
284 12.500000 91.176471 -6.500000
285 12.500000 88.235294 -6.500000
286 12.500000 85.294118 -6.500000
287 12.500000 82.352941 -6.500000
288 12.500000 79.411765 -6.500000
289 12.500000 76.470588 -6.500000
290 12.500000 73.529412 -6.500000
291 12.500000 70.588235 -6.500000
292 12.500000 67.647059 -6.500000
293 12.500000 64.705882 -6.500000
294 12.500000 61.764706 -6.500000
295 12.500000 58.823529 -6.500000
296 12.500000 55.882353 -6.500000
297 12.500000 52.941176 -6.500000
298 12.500000 50.000000 -6.500000
299 12.500000 47.058824 -6.500000
300 12.500000 44.117647 -6.500000
301 12.500000 41.176471 -6.500000
302 12.500000 38.235294 -6.500000
303 12.500000 35.294118 -6.500000
304 12.500000 32.352941 -6.500000
305 12.500000 29.411765 -6.500000
306 12.500000 26.470588 -6.500000
307 12.500000 23.529412 -6.500000
308 12.500000 20.588235 -6.500000
309 12.500000 17.647059 -6.500000
310 12.500000 14.705882 -6.500000
311 12.500000 11.764706 -6.500000
312 12.500000 8.823529 -6.500000
313 12.500000 5.882353 -6.500000
314 12.500000 2.941176 -6.500000
315 -12.500000 0.000000 -2.166667
316 -12.500000 0.000000 -4.333333
317 -12.500000 100.000000 -2.166667
318 -12.500000 100.000000 -4.333333
319 12.500000 100.000000 -2.166667
320 12.500000 100.000000 -4.333333
321 12.500000 0.000000 -2.166667
322 12.500000 0.000000 -4.333333
323 -12.680897 80.849829 -7.000000
324 12.361403 15.911998 -7.000000
325 12.607178 33.841822 -7.000000
326 12.452866 42.647059 -7.000000
327 -12.690923 57.344952 -7.000000
328 -12.518415 69.004114 -7.000000
329 12.371828 25.085350 -7.000000
330 -12.582740 48.306313 -7.000000
331 12.360746 75.040348 -7.000000
332 12.367258 63.143603 -7.000000
333 12.341504 83.632049 -7.000000
334 12.391702 54.475119 -7.000000
335 -12.771949 19.149182 -7.000000
336 -12.685636 36.803217 -7.000000
337 -12.478244 27.775876 -7.000000
338 -1.618263 97.325889 -7.000000
339 -1.492026 2.595399 -7.000000
340 -12.207366 89.852792 -7.000000
341 -12.355220 10.303001 -7.000000
342 4.209890 96.942574 -7.000000
343 4.502871 2.593993 -7.000000
344 12.354444 10.318126 -7.000000
345 12.648899 90.018568 -7.000000
346 -12.624302 42.576291 -7.000000
347 12.618817 48.325989 -7.000000
348 -12.496620 75.018657 -7.000000
349 12.622872 69.314626 -7.000000
350 -12.625080 63.235294 -7.000000
351 -7.469814 97.420263 -7.000000
352 -7.469794 2.579725 -7.000000
353 10.375761 2.529683 -7.000000
354 10.377614 97.473994 -7.000000
355 -12.289693 95.292027 -7.000000
356 -12.289410 4.707846 -7.000000
357 7.479208 2.581846 -7.000000
358 5.997957 5.180164 -7.000000
359 3.014387 5.184545 -7.000000
360 4.509187 7.766156 -7.000000
361 1.533988 7.770388 -7.000000
362 3.024298 10.340153 -7.000000
363 0.056845 10.346311 -7.000000
364 1.493300 12.881736 -7.000000
365 -1.502334 12.975666 -7.000000
366 -0.006362 15.451428 -7.000000
367 -2.891453 15.480425 -7.000000
368 -1.420533 18.031424 -7.000000
369 1.472776 17.875517 -7.000000
370 0.029393 20.577876 -7.000000
371 -2.888178 20.590805 -7.000000
372 -1.409841 23.142477 -7.000000
373 1.511704 23.154933 -7.000000
374 0.068068 25.697412 -7.000000
375 2.875031 25.776491 -7.000000
376 1.525837 28.259956 -7.000000
377 -1.399874 28.251845 -7.000000
378 0.076448 30.800776 -7.000000
379 -2.863010 30.801845 -7.000000
380 -1.388386 33.349944 -7.000000
381 1.555319 33.346800 -7.000000
382 0.086938 35.897052 -7.000000
383 3.030024 35.894019 -7.000000
384 1.561273 38.444064 -7.000000
385 -1.381331 38.447311 -7.000000
386 0.092735 40.993993 -7.000000
387 -2.849598 40.997256 -7.000000
388 -1.375601 43.543584 -7.000000
389 1.566768 43.540335 -7.000000
390 0.098225 46.089871 -7.000000
391 -2.843765 46.092998 -7.000000
392 -1.369952 48.639188 -7.000000
393 1.571837 48.636080 -7.000000
394 0.104067 51.184934 -7.000000
395 -2.837921 51.188355 -7.000000
396 -1.364325 53.734216 -7.000000
397 1.577641 53.730802 -7.000000
398 0.109209 56.280040 -7.000000
399 3.051242 56.276716 -7.000000
400 1.582623 58.825873 -7.000000
401 -1.358820 58.829045 -7.000000
402 0.114537 61.374817 -7.000000
403 -2.826779 61.377958 -7.000000
404 -1.353363 63.923645 -7.000000
405 1.587734 63.920627 -7.000000
406 0.119983 66.469331 -7.000000
407 -2.818965 66.472290 -7.000000
408 -1.346498 69.018655 -7.000000
409 1.591524 69.014400 -7.000000
410 0.124918 71.563998 -7.000000
411 -2.815052 71.567348 -7.000000
412 -1.342406 74.112549 -7.000000
413 1.598943 74.109663 -7.000000
414 0.130112 76.659836 -7.000000
415 3.079753 76.658590 -7.000000
416 1.607692 79.212126 -7.000000
417 -1.342582 79.212874 -7.000000
418 0.135998 81.768789 -7.000000
419 -2.818425 81.768012 -7.000000
420 -1.341064 84.326475 -7.000000
421 1.617901 84.326790 -7.000000
422 0.139129 86.888339 -7.000000
423 -2.716707 86.813919 -7.000000
424 3.100371 86.886805 -7.000000
425 4.319060 28.272780 -7.000000
426 -3.040986 10.473166 -7.000000
427 4.560146 23.359501 -7.000000
428 -4.352366 23.147967 -7.000000
429 -4.293030 79.213530 -7.000000
430 4.564101 79.211300 -7.000000
431 4.524587 58.822870 -7.000000
432 4.503992 38.440848 -7.000000
433 -4.305937 53.737430 -7.000000
434 4.547828 74.104977 -7.000000
435 -4.331373 33.353091 -7.000000
436 4.520257 53.727190 -7.000000
437 1.620072 89.453296 -7.000000
438 4.579609 12.880491 -7.000000
439 4.584029 89.451230 -7.000000
440 -5.769754 81.766955 -7.000000
441 -5.806408 30.806133 -7.000000
442 -5.779541 51.191649 -7.000000
443 6.059668 86.882927 -7.000000
444 -5.963577 20.655930 -7.000000
445 -7.307536 23.178095 -7.000000
446 5.972738 35.891156 -7.000000
447 7.446429 38.437676 -7.000000
448 -7.247453 53.740630 -7.000000
449 -7.274475 33.356691 -7.000000
450 -7.216212 79.229043 -7.000000
451 5.977949 40.987232 -7.000000
452 -5.799447 35.903454 -7.000000
453 -5.760775 76.665022 -7.000000
454 -5.773895 56.286394 -7.000000
455 2.980230 91.952561 -7.000000
456 6.037843 92.334572 -7.000000
457 0.131819 92.023085 -7.000000
458 7.489789 7.762084 -7.000000
459 -5.819063 25.702572 -7.000000
460 -8.693382 30.842402 -7.000000
461 -8.796758 51.272552 -7.000000
462 -7.209948 48.690849 -7.000000
463 -10.188853 53.743853 -7.000000
464 -8.559351 25.871337 -7.000000
465 -10.230721 23.454337 -7.000000
466 1.756010 94.552542 -7.000000
467 -10.004514 33.358211 -7.000000
468 8.702675 35.662971 -7.000000
469 7.295678 33.272860 -7.000000
470 10.188023 37.823924 -7.000000
471 -8.511521 76.623772 -7.000000
472 -7.161378 74.081070 -7.000000
473 -8.543821 81.867312 -7.000000
474 -7.216733 84.323701 -7.000000
475 -10.166646 84.867949 -7.000000
476 -8.295328 87.150054 -7.000000
477 0.021753 5.184993 -7.000000
478 -11.982508 30.860211 -7.000000
479 8.962280 5.172511 -7.000000
480 10.463785 7.771736 -7.000000
481 9.135368 10.354905 -7.000000
482 10.690291 13.068338 -7.000000
483 7.716141 12.918874 -7.000000
484 9.189018 15.559746 -7.000000
485 10.283604 18.331232 -7.000000
486 7.427109 17.830696 -7.000000
487 8.496537 20.538172 -7.000000
488 11.414643 20.949357 -7.000000
489 9.836257 23.358867 -7.000000
490 9.751721 26.458328 -7.000000
491 5.819428 20.368652 -7.000000
492 7.271844 24.966036 -7.000000
493 4.503837 17.700683 -7.000000
494 12.318895 27.948785 -7.000000
495 9.980118 29.488261 -7.000000
496 12.216439 4.854039 -7.000000
497 7.430675 97.359017 -7.000000
498 8.658921 94.390329 -7.000000
499 12.178511 95.090019 -7.000000
500 10.595227 92.202818 -7.000000
501 -4.514175 97.396148 -7.000000
502 -5.994025 94.819319 -7.000000
503 -9.006522 94.915284 -7.000000
504 -7.489019 92.269940 -7.000000
505 -4.730298 92.054594 -7.000000
506 -6.350011 89.561560 -7.000000
507 -10.484581 92.455130 -7.000000
508 -4.493133 2.590733 -7.000000
509 -5.990802 5.178264 -7.000000
510 -9.005637 5.084052 -7.000000
511 -7.492347 7.797188 -7.000000
512 -10.509396 7.596045 -7.000000
513 -9.094211 10.367138 -7.000000
514 -10.695687 13.110420 -7.000000
515 -7.753304 13.114560 -7.000000
516 -9.381006 15.570315 -7.000000
517 -6.376357 15.681477 -7.000000
518 -7.716249 18.103906 -7.000000
519 -6.092697 10.524979 -7.000000
520 -4.508442 7.823293 -7.000000
521 -2.987674 5.190018 -7.000000
522 -3.296790 94.580109 -7.000000
523 4.576950 84.325203 -7.000000
524 7.458816 84.363032 -7.000000
525 8.930421 86.863549 -7.000000
526 6.037466 81.773743 -7.000000
527 9.489664 81.972233 -7.000000
528 7.601516 79.247378 -7.000000
529 10.251365 79.315229 -7.000000
530 9.496008 76.553979 -7.000000
531 6.051007 76.661823 -7.000000
532 7.491164 74.088297 -7.000000
533 6.004800 71.547363 -7.000000
534 8.646500 71.320099 -7.000000
535 7.456650 68.992312 -7.000000
536 6.075732 10.337110 -7.000000
537 7.323177 89.379210 -7.000000
538 -2.875240 25.699544 -7.000000
539 -4.542725 18.090661 -7.000000
540 -4.274915 74.109298 -7.000000
541 -5.742489 71.558314 -7.000000
542 -8.804091 71.763022 -7.000000
543 -7.554586 68.929011 -7.000000
544 1.507831 2.593155 -7.000000
545 -7.184298 28.322364 -7.000000
546 -4.324419 38.450355 -7.000000
547 -5.792442 41.000358 -7.000000
548 2.991141 30.802712 -7.000000
549 -8.532644 35.805308 -7.000000
550 -7.203191 38.419846 -7.000000
551 -8.521875 41.032493 -7.000000
552 -7.184158 43.578038 -7.000000
553 9.454617 41.016029 -7.000000
554 7.451948 43.533240 -7.000000
555 4.509269 43.536873 -7.000000
556 5.983692 46.082589 -7.000000
557 8.627437 46.300508 -7.000000
558 7.457676 48.628253 -7.000000
559 4.515896 48.631722 -7.000000
560 5.989410 51.177431 -7.000000
561 8.893371 51.230753 -7.000000
562 7.395179 53.697311 -7.000000
563 5.982382 56.268970 -7.000000
564 7.464304 58.819454 -7.000000
565 5.996591 61.369092 -7.000000
566 9.473058 61.527741 -7.000000
567 7.468670 63.915506 -7.000000
568 10.203582 58.852132 -7.000000
569 9.435025 56.109382 -7.000000
570 -2.856155 35.900248 -7.000000
571 3.040259 46.086727 -7.000000
572 -4.300325 58.832177 -7.000000
573 -5.768223 61.381087 -7.000000
574 5.788345 30.784623 -7.000000
575 3.035331 40.990557 -7.000000
576 -4.305211 43.551381 -7.000000
577 -5.763676 46.109248 -7.000000
578 -8.451357 46.298567 -7.000000
579 -8.562011 56.210673 -7.000000
580 -7.194818 58.819709 -7.000000
581 -8.516456 61.570815 -7.000000
582 -7.117558 64.002313 -7.000000
583 3.047163 51.180959 -7.000000
584 -2.832349 56.283217 -7.000000
585 -4.273272 63.938069 -7.000000
586 3.058864 66.463172 -7.000000
587 -4.308807 48.645063 -7.000000
588 12.657954 72.168354 -7.000000
589 -12.704369 39.720457 -7.000000
590 -12.028554 51.359754 -7.000000
591 -12.703613 60.292786 -7.000000
592 -12.009810 71.967132 -7.000000
593 -12.649782 45.438288 -7.000000
594 12.663631 45.471679 -7.000000
595 -12.679082 77.921607 -7.000000
596 11.985807 51.336906 -7.000000
597 11.989115 66.307409 -7.000000
598 -12.507206 66.157548 -7.000000
599 -10.161030 67.472563 -7.000000
600 -12.349600 15.872474 -7.000000
601 -4.324649 28.264050 -7.000000
602 4.438874 33.332028 -7.000000
603 3.055732 61.371871 -7.000000
604 -1.487419 7.798028 -7.000000
605 -4.272716 84.298763 -7.000000
606 4.528031 63.915119 -7.000000
607 11.998050 86.824239 -7.000000
608 3.065507 71.557780 -7.000000
609 3.092977 81.770722 -7.000000
610 -12.632926 86.705889 -7.000000
611 -2.813933 76.662185 -7.000000
612 -1.282302 89.417326 -7.000000
613 -4.338723 69.002790 -7.000000
614 12.491262 30.941091 -7.000000
615 -5.699340 66.412710 -7.000000
616 4.527389 69.005241 -7.000000
617 5.998149 66.454364 -7.000000
618 8.818512 66.425482 -7.000000
619 -12.707899 24.960058 -7.000000
620 -4.750639 13.214273 -7.000000
621 -9.242118 89.908521 -7.000000
622 -9.981572 64.333575 -7.000000
623 -5.423475 86.875032 -7.000000
624 6.038062 95.038939 -7.000000
625 1.105838 97.174936 -7.000000
626 -10.054938 58.823529 -7.000000
627 -10.434500 97.580796 -7.000000
628 -10.434302 2.419071 -7.000000
629 12.666618 36.706134 -7.000000
630 2.891017 20.634455 -7.000000
631 -10.027531 79.308215 -7.000000
632 12.478728 80.815533 -7.000000
633 -10.076387 38.350471 -7.000000
634 -8.779485 20.636128 -7.000000
635 12.474634 60.292231 -7.000000
636 12.461769 57.331505 -7.000000
637 7.210788 28.189415 -7.000000
638 -12.779572 22.069426 -7.000000
639 -9.968346 74.217489 -7.000000
640 -10.149128 43.853966 -7.000000
641 10.034192 32.807898 -7.000000
642 12.500528 39.704126 -7.000000
643 -12.699377 54.465839 -7.000000
644 2.727970 15.302870 -7.000000
645 12.485492 77.853073 -7.000000
646 -12.714718 83.722012 -7.000000
647 -12.647003 33.958410 -7.000000
648 10.196476 44.149764 -7.000000
649 6.307772 15.357482 -7.000000
650 -9.889224 28.456751 -7.000000
651 -9.858710 48.842619 -7.000000
652 10.253598 73.305521 -7.000000
653 10.027734 53.436999 -7.000000
654 10.029634 64.197450 -7.000000
655 12.811930 18.685576 -7.000000
656 7.084526 22.561131 -7.000000
657 -13.030805 7.462555 -7.000000
658 -12.996328 92.578813 -7.000000
659 10.043750 84.685315 -7.000000
660 9.962280 68.755118 -7.000000
661 9.961199 48.878405 -7.000000
662 9.982519 89.386718 -7.000000
663 13.006934 7.529957 -7.000000
664 13.084527 92.521105 -7.000000
665 -10.327525 18.344557 -7.000000
666 -13.106587 13.235294 -7.000000
667 13.109805 13.235294 -7.000000
668 -8.102817 66.230034 -7.000000
669 -3.738508 89.252311 -7.000000
670 -2.233262 91.754456 -7.000000
671 -0.698203 94.471391 -7.000000
672 12.794151 2.190554 -7.000000
673 12.794151 97.809446 -7.000000
674 8.191391 31.108324 -7.000000
675 -10.299024 69.907036 -7.000000
676 -10.542455 87.829787 -7.000000
677 -12.840968 97.857200 -7.000000
678 -12.840968 2.142800 -7.000000
679 8.414689 91.562833 -7.000000
680 12.872292 22.785291 -7.000000
681 4.204407 94.164238 -7.000000
682 -10.855551 55.937678 -7.000000
683 -10.977851 20.730726 -7.000000
684 -10.773088 26.103672 -7.000000
685 -10.850736 61.764706 -7.000000
686 -10.869442 76.470588 -7.000000
687 5.158661 26.160502 -7.000000
688 -10.880424 41.176471 -7.000000
689 -10.734310 46.757473 -7.000000
690 -10.807842 82.261345 -7.000000
691 -10.812904 35.405479 -7.000000
692 10.834139 46.837939 -7.000000
693 10.848515 70.820567 -7.000000
694 10.925445 35.269677 -7.000000
695 10.803137 100.000000 -3.289056
696 -10.803137 100.000000 -3.289056
697 5.648148 100.000000 -2.285812
698 -5.648148 100.000000 -2.285812
699 0.000000 100.000000 -2.405626
700 -11.026162 100.000000 -5.454117
701 11.026162 100.000000 -5.454117
702 -2.793210 100.000000 -2.339210
703 2.793210 100.000000 -2.339210
704 7.083664 100.000000 -4.610193
705 -7.083664 100.000000 -4.610193
706 1.428498 100.000000 -4.681443
707 -1.421896 100.000000 -4.677881
708 4.325587 100.000000 -4.652776
709 -4.324486 100.000000 -4.652183
710 8.666652 100.000000 -2.267244
711 -8.666652 100.000000 -2.267244
712 10.838402 100.000000 -1.544593
713 -10.838402 100.000000 -1.544593
714 9.315923 100.000000 -4.524122
715 -9.315923 100.000000 -4.524122
716 -12.500000 98.045839 -3.334358
717 -12.500000 1.954161 -3.165642
718 -12.500000 92.518417 -2.290329
719 -12.500000 86.764706 -3.952866
720 -12.500000 16.176471 -3.952866
721 -12.500000 77.941176 -2.547134
722 -12.500000 7.382323 -4.538687
723 -12.500000 22.058824 -3.952866
724 -12.500000 72.058824 -2.547134
725 -12.500000 27.941176 -3.952866
726 -12.500000 66.176471 -2.547134
727 -12.500000 33.823529 -3.952866
728 -12.500000 39.705882 -3.952866
729 -12.500000 60.294118 -2.547134
730 -12.500000 45.588235 -3.952866
731 -12.500000 54.411765 -2.547134
732 -12.500000 51.470588 -3.952866
733 -12.500000 83.823529 -2.547134
734 -12.500000 13.235294 -2.547134
735 -12.500000 19.117647 -2.547134
736 -12.500000 80.882353 -3.952866
737 -12.500000 75.000000 -3.952866
738 -12.500000 25.000000 -2.547134
739 -12.500000 30.882353 -2.547134
740 -12.500000 69.117647 -3.952866
741 -12.500000 36.764706 -2.547134
742 -12.500000 63.235294 -3.952866
743 -12.500000 42.647059 -2.547134
744 -12.500000 57.352941 -3.952866
745 -12.500000 48.529412 -2.547134
746 -12.500000 89.350383 -2.380339
747 -12.500000 10.298315 -4.041243
748 -12.500000 4.485044 -4.225370
749 -12.500000 95.621583 -2.276689
750 -12.500000 95.985450 -4.750157
751 -12.500000 4.014377 -1.696204
752 -12.500000 80.882353 -1.702881
753 -12.500000 91.148995 -4.191153
754 -12.500000 72.058824 -4.797119
755 -12.500000 83.823529 -4.797119
756 -12.500000 19.117647 -4.797119
757 -12.500000 51.470588 -1.702881
758 -12.500000 66.176471 -4.797119
759 -12.500000 10.294957 -1.658252
760 -12.500000 86.764706 -1.702881
761 -12.500000 77.941176 -4.797119
762 -12.500000 75.000000 -1.702881
763 -12.500000 16.176471 -1.702881
764 -12.500000 22.058824 -1.702881
765 -12.500000 48.529412 -4.797119
766 -12.500000 7.323381 -2.135492
767 -12.500000 69.117647 -1.702881
768 -12.500000 54.411765 -4.797119
769 -12.500000 45.588235 -1.702881
770 -12.500000 33.823529 -1.702881
771 -12.500000 57.352941 -1.702881
772 -12.500000 42.647059 -4.797119
773 -12.500000 13.235294 -4.797119
774 -12.500000 25.000000 -4.797119
775 -12.500000 39.705882 -1.702881
776 -12.500000 60.294118 -4.797119
777 -12.500000 36.764706 -4.797119
778 -12.500000 30.882353 -4.797119
779 -12.500000 27.941176 -1.702881
780 -12.500000 63.235294 -1.702881
781 -12.500000 98.145249 -1.555543
782 -12.500000 1.760222 -5.079668
783 -12.500000 1.781943 -1.405703
784 -12.500000 98.218023 -5.083570
785 -12.500000 93.428094 -4.418055
786 -12.500000 89.335170 -4.704872
787 -13.750000 1.470588 -6.500000
788 -13.750000 98.529412 -6.500000
789 -13.750000 86.764706 -6.500000
790 -13.750000 69.117647 -6.500000
791 -13.750000 60.294118 -6.500000
792 -13.750000 63.235294 -6.500000
793 -13.750000 57.352941 -6.500000
794 -13.750000 54.411765 -6.500000
795 -13.750000 95.588235 -6.500000
796 -13.750000 92.647059 -6.500000
797 -13.750000 89.705882 -6.500000
798 -13.750000 83.823529 -6.500000
799 -13.750000 80.882353 -6.500000
800 -13.750000 77.941176 -6.500000
801 -13.750000 75.000000 -6.500000
802 -13.750000 72.058824 -6.500000
803 -13.750000 66.176471 -6.500000
804 -13.750000 51.470588 -6.500000
805 -13.750000 48.529412 -6.500000
806 -13.750000 45.588235 -6.500000
807 -13.750000 39.705882 -6.500000
808 -13.750000 36.764706 -6.500000
809 -13.750000 27.941176 -6.500000
810 -13.750000 25.000000 -6.500000
811 -13.750000 19.117647 -6.500000
812 -13.750000 13.235294 -6.500000
813 -13.750000 10.294118 -6.500000
814 -13.750000 4.411765 -6.500000
815 -13.750000 42.647059 -6.500000
816 -13.750000 33.823529 -6.500000
817 -13.750000 30.882353 -6.500000
818 -13.750000 22.058824 -6.500000
819 -13.750000 16.176471 -6.500000
820 -13.750000 7.352941 -6.500000
821 12.500000 98.045839 -3.334358
822 12.500000 1.954161 -3.334358
823 12.500000 37.254902 -4.333333
824 12.500000 19.244685 -2.589708
825 12.500000 42.647059 -3.952866
826 12.500000 30.882353 -2.547134
827 12.500000 7.382323 -1.961313
828 12.500000 24.662878 -4.082974
829 12.500000 12.898172 -4.082974
830 12.500000 48.529412 -2.547134
831 12.500000 86.764706 -2.547134
832 12.500000 72.058824 -2.547134
833 12.500000 92.132378 -2.152530
834 12.500000 77.604054 -2.417026
835 12.500000 60.294118 -4.521723
836 12.500000 54.411765 -2.547134
837 12.500000 66.176471 -2.547134
838 12.500000 39.775910 -2.355583
839 12.500000 83.823529 -3.952866
840 12.500000 69.117647 -3.952866
841 12.500000 51.470588 -3.952866
842 12.500000 89.632356 -4.142398
843 12.500000 74.910613 -4.044731
844 12.500000 81.171315 -2.398439
845 12.500000 28.230138 -4.101561
846 12.500000 16.483581 -4.107643
847 12.500000 45.098039 -2.166667
848 12.500000 57.352941 -4.038820
849 12.500000 33.893557 -4.011907
850 12.500000 22.170693 -2.439062
851 12.500000 10.123117 -2.524606
852 12.500000 63.235294 -4.038820
853 12.500000 4.485044 -2.274630
854 12.500000 95.445628 -2.301947
855 12.500000 4.014377 -4.803796
856 12.500000 95.974068 -4.808348
857 12.500000 21.696991 -4.574041
858 12.500000 14.705882 -2.249985
859 12.500000 19.132110 -4.854278
860 12.500000 39.785914 -4.748003
861 12.500000 42.563025 -1.695023
862 12.500000 30.882353 -4.797119
863 12.500000 7.305418 -4.366673
864 12.500000 45.996732 -4.410631
865 12.500000 33.837535 -1.652384
866 12.500000 10.182988 -4.794851
867 12.500000 36.491263 -1.957157
868 12.500000 26.470588 -2.249985
869 12.500000 48.611111 -4.782126
870 12.500000 51.470588 -1.702881
871 12.500000 89.588241 -1.768412
872 12.500000 83.823529 -1.702881
873 12.500000 75.000000 -1.702881
874 12.500000 79.411765 -4.250015
875 12.500000 92.804748 -4.652713
876 12.500000 86.764706 -4.797119
877 12.500000 54.411765 -4.797119
878 12.500000 72.058824 -4.797119
879 12.500000 60.294118 -2.119713
880 12.500000 63.235294 -1.702881
881 12.500000 57.352941 -1.702881
882 12.500000 69.117647 -1.702881
883 12.500000 66.176471 -4.797119
884 12.500000 1.760222 -1.420332
885 12.500000 1.781943 -5.094297
886 12.500000 98.215746 -5.095208
887 12.500000 98.229873 -1.424234
888 12.500000 28.293086 -1.779736
889 12.500000 16.702652 -1.859252
890 12.500000 24.660832 -1.754404
891 12.500000 12.698545 -1.846428
892 12.500000 77.561757 -4.742354
893 12.500000 81.234263 -4.720264
894 13.750000 1.470588 -6.500000
895 13.750000 86.764706 -6.500000
896 13.750000 69.117647 -6.500000
897 13.750000 60.294118 -6.500000
898 13.750000 63.235294 -6.500000
899 13.750000 54.411765 -6.500000
900 13.750000 51.470588 -6.500000
901 13.750000 98.529412 -6.500000
902 13.750000 95.588235 -6.500000
903 13.750000 92.647059 -6.500000
904 13.750000 89.705882 -6.500000
905 13.750000 83.823529 -6.500000
906 13.750000 80.882353 -6.500000
907 13.750000 77.941176 -6.500000
908 13.750000 75.000000 -6.500000
909 13.750000 72.058824 -6.500000
910 13.750000 66.176471 -6.500000
911 13.750000 57.352941 -6.500000
912 13.750000 48.529412 -6.500000
913 13.750000 45.588235 -6.500000
914 13.750000 39.705882 -6.500000
915 13.750000 36.764706 -6.500000
916 13.750000 27.941176 -6.500000
917 13.750000 25.000000 -6.500000
918 13.750000 19.117647 -6.500000
919 13.750000 13.235294 -6.500000
920 13.750000 10.294118 -6.500000
921 13.750000 4.411765 -6.500000
922 13.750000 42.647059 -6.500000
923 13.750000 33.823529 -6.500000
924 13.750000 30.882353 -6.500000
925 13.750000 22.058824 -6.500000
926 13.750000 16.176471 -6.500000
927 13.750000 7.352941 -6.500000
0 0. 0. 0.
332 635 566 566
569 636 334 334
333 632 527 527
326 642 553 553
503 507 355 355
356 512 510 510
530 645 331 331
527 659 333 333
498 679 456 456
456 624 498 498
566 654 332 332
625 671 338 338
334 653 569 569
461 651 590 590
466 625 342 342
109 478 108 108
369 630 493 493
342 681 466 466
466 671 625 625
444 539 518 518
553 648 326 326
476 621 506 506
506 623 476 476
493 630 491 491
356 657 512 512
507 658 355 355
461 590 463 463
610 676 475 475
173 496 172 172
475 676 476 476
518 539 517 517
142 499 141 141
644 649 438 438
331 652 530 530
592 639 542 542
514 600 516 516
482 484 324 324
553 642 470 470
426 620 365 365
596 661 561 561
618 660 597 597
542 675 592 592
529 645 530 530
568 636 569 569
173 672 496 496
566 635 568 568
517 539 367 367
499 673 141 141
109 647 478 478
341 514 513 513
489 490 329 329
481 482 344 344
493 649 644 644
341 513 512 512
514 666 600 600
480 481 344 344
324 667 482 482
108 478 337 337
590 651 330 330
507 621 340 340
488 680 167 167
519 620 426 426
167 655 488 488
329 680 489 489
527 632 529 529
367 620 517 517
581 622 582 582
525 662 607 607
561 653 596 596
597 654 618 618
510 628 356 356
355 627 503 503
483 536 438 438
347 661 596 596
519 520 511 511
597 660 349 349
607 659 525 525
164 614 163 163
426 520 519 519
147 645 632 632
665 683 634 634
365 620 367 367
154 636 635 635
518 665 634 634
574 674 637 637
581 685 622 622
468 641 469 469
629 642 161 161
494 614 164 164
165 494 164 164
481 536 483 483
489 680 488 488
574 637 425 425
491 630 427 427
513 519 511 511
518 634 444 444
163 614 325 325
438 649 483 483
484 485 324 324
621 676 340 340
329 494 165 165
607 662 345 345
475 646 610 610
632 645 529 529
490 494 329 329
514 515 513 513
481 483 482 482
489 492 490 490
468 694 641 641
426 604 520 520
520 604 521 521
635 636 568 568
495 641 614 614
427 656 491 491
470 642 629 629
637 674 495 495
521 604 477 477
345 662 500 500
339 521 477 477
590 643 463 463
483 484 482 482
514 516 515 515
415 531 434 434
477 544 339 339
484 486 485 485
490 495 494 494
478 647 467 467
515 519 513 513
526 528 430 430
530 532 531 531
458 479 358 358
430 531 415 415
531 532 434 434
458 480 479 479
357 479 353 353
354 498 497 497
528 531 430 430
479 496 353 353
354 499 498 498
354 497 139 139
175 357 353 353
358 479 357 357
438 536 362 362
465 684 464 464
333 659 607 607
352 509 508 508
501 502 351 351
593 689 640 640
493 644 369 369
352 510 509 509
502 503 351 351
510 511 509 509
502 522 505 505
509 521 508 508
458 481 480 480
501 522 502 502
499 500 498 498
520 521 509 509
430 609 526 526
352 508 180 180
134 501 351 351
339 544 178 178
502 504 503 503
510 512 511 511
453 540 472 472
458 536 481 481
540 541 472 472
504 507 503 503
362 536 360 360
429 611 453 453
418 609 416 416
359 360 358 358
343 358 357 357
360 458 358 358
348 639 592 592
480 496 479 479
343 544 359 359
175 353 174 174
140 354 139 139
512 513 511 511
516 517 515 515
359 544 477 477
360 536 458 458
359 361 360 360
361 362 360 360
486 487 485 485
453 611 540 540
343 357 176 176
138 497 342 342
619 684 465 465
505 506 504 504
363 364 362 362
416 609 430 430
343 359 358 358
181 352 180 180
134 351 133 133
361 363 362 362
338 501 135 135
179 508 339 339
508 521 339 339
464 545 459 459
443 524 523 523
338 522 501 501
532 533 434 434
443 523 424 424
424 523 421 421
648 692 594 594
363 365 364 364
364 438 362 362
524 526 523 523
139 497 138 138
176 357 175 175
365 366 364 364
524 527 526 526
439 443 424 424
177 343 176 176
138 342 137 137
516 518 517 517
459 601 538 538
365 367 366 366
545 601 459 459
179 339 178 178
136 338 135 135
511 520 509 509
443 537 525 525
568 569 564 564
487 488 485 485
135 501 134 134
180 508 179 179
374 538 377 377
443 525 524 524
367 368 366 366
436 562 560 560
429 453 450 450
502 505 504 504
431 563 399 399
546 550 547 547
527 528 526 526
429 450 440 440
453 471 450 450
421 609 418 418
526 609 523 523
397 583 394 394
436 563 562 562
564 569 563 563
527 529 528 528
452 550 546 546
550 551 547 547
371 539 444 444
538 601 377 377
368 371 370 370
368 370 369 369
399 563 436 436
453 472 471 471
555 571 556 556
450 473 440 440
431 564 563 563
548 602 574 574
546 570 452 452
560 583 436 436
372 538 374 374
368 369 366 366
389 571 555 555
417 429 419 419
529 530 528 528
371 372 370 370
487 489 488 488
574 602 469 469
381 548 378 378
444 445 428 428
371 428 372 372
371 444 428 428
374 375 373 373
559 571 393 393
372 374 373 373
445 464 459 459
436 583 397 397
393 583 559 559
445 465 464 464
486 491 487 487
532 534 533 533
439 537 443 443
367 539 368 368
394 583 393 393
411 541 540 540
541 542 472 472
452 570 435 435
177 544 343 343
556 571 559 559
377 378 376 376
368 539 371 371
378 548 376 376
381 602 548 548
372 373 370 370
377 379 378 378
375 427 373 373
432 575 451 451
415 434 413 413
445 459 428 428
376 425 375 375
374 376 375 375
555 575 389 389
376 548 425 425
429 440 419 419
178 544 177 177
379 380 378 378
541 543 542 542
530 531 528 528
374 377 376 376
577 578 462 462
563 569 562 562
551 552 547 547
441 449 435 435
379 435 380 380
577 587 391 391
460 467 449 449
380 381 378 378
462 587 577 577
441 460 449 449
460 478 467 467
549 550 452 452
388 576 391 391
449 549 452 452
451 575 555 555
380 382 381 381
435 570 380 380
431 565 564 564
384 575 432 432
379 441 435 435
572 580 573 573
449 452 435 435
534 535 533 533
382 383 381 381
576 577 391 391
385 386 384 384
385 387 386 386
454 580 572 572
447 553 470 470
580 581 573 573
428 538 372 372
432 447 446 446
451 553 447 447
447 468 446 446
467 549 449 449
384 432 383 383
548 574 425 425
432 446 383 383
559 583 560 560
572 584 454 454
387 576 388 388
447 470 468 468
546 547 387 387
473 475 474 474
456 537 439 439
432 451 447 447
387 388 386 386
382 384 383 383
385 570 546 546
400 603 431 431
451 554 553 553
454 584 433 433
382 385 384 384
385 546 387 387
388 390 389 389
565 566 564 564
391 392 390 390
388 391 390 390
556 557 554 554
391 587 392 392
552 578 577 577
431 603 565 565
388 389 386 386
392 393 390 390
556 558 557 557
392 394 393 393
552 576 547 547
547 576 387 387
442 448 433 433
461 463 448 448
442 461 448 448
395 433 396 396
579 580 454 454
395 396 394 394
396 397 394 394
560 561 558 558
433 584 396 396
448 579 454 454
459 538 428 428
552 577 576 576
555 556 554 554
390 571 389 389
396 398 397 397
560 562 561 561
395 442 433 433
448 454 433 433
581 582 573 573
398 399 397 397
566 568 564 564
559 560 558 558
382 570 385 385
401 402 400 400
404 585 407 407
401 403 402 402
386 575 384 384
392 395 394 394
399 436 397 397
463 579 448 448
400 431 399 399
393 571 390 390
572 573 403 403
403 404 402 402
403 585 404 404
398 400 399 399
401 584 572 572
573 585 403 403
565 567 566 566
404 406 405 405
398 401 400 400
401 572 403 403
556 559 558 558
404 407 406 406
407 408 406 406
404 405 402 402
408 409 406 406
408 410 409 409
582 585 573 573
411 412 410 410
412 413 410 410
408 411 410 410
417 611 429 429
398 584 401 401
150 588 149 149
350 591 119 119
157 596 156 156
152 597 151 151
115 330 114 114
149 588 331 331
122 328 121 121
328 598 121 121
125 595 124 124
326 594 159 159
114 593 113 113
126 323 125 125
330 593 114 114
124 348 123 123
348 592 123 123
118 591 327 327
124 595 348 348
156 334 155 155
158 347 157 157
111 589 336 336
346 589 112 112
120 350 119 119
122 592 328 328
151 597 349 349
332 597 152 152
158 594 347 347
159 594 158 158
166 329 165 165
105 335 104 104
123 592 122 122
156 596 334 334
108 337 107 107
120 598 350 350
111 336 110 110
112 589 111 111
146 333 145 145
149 331 148 148
153 332 152 152
119 591 118 118
113 593 346 346
118 327 117 117
160 326 159 159
163 325 162 162
169 324 168 168
347 596 157 157
349 588 150 150
113 346 112 112
121 598 120 120
151 349 150 150
323 595 125 125
451 555 554 554
442 462 461 461
406 586 405 405
116 590 115 115
115 590 330 330
396 584 398 398
409 586 406 406
383 602 381 381
392 587 395 395
389 575 386 386
395 587 442 442
442 587 462 462
603 606 565 565
328 599 598 598
593 640 346 346
380 570 382 382
402 603 400 400
441 545 460 460
446 602 383 383
468 469 446 446
405 603 402 402
379 601 441 441
377 601 379 379
565 606 567 567
533 616 608 608
434 608 413 413
533 608 434 434
469 602 446 446
420 605 423 423
441 601 545 545
405 606 603 603
411 540 412 412
523 609 421 421
616 617 586 586
407 615 613 613
359 477 361 361
586 606 405 405
363 426 365 365
104 600 103 103
335 600 104 104
422 424 421 421
410 608 409 409
473 474 440 440
416 430 415 415
486 493 491 491
495 614 494 494
475 476 474 474
145 607 144 144
333 607 145 145
437 439 424 424
411 613 541 541
420 423 422 422
417 419 418 418
420 421 418 418
412 414 413 413
414 417 416 416
414 415 413 413
128 610 127 127
361 604 363 363
413 608 410 410
455 456 439 439
407 613 408 408
540 611 412 412
541 613 543 543
608 616 409 409
440 605 419 419
582 615 585 585
420 422 421 421
171 344 170 170
144 345 143 143
613 615 543 543
363 604 426 426
417 418 416 416
474 605 440 440
102 341 101 101
129 340 128 128
477 604 361 361
414 416 415 415
535 616 533 533
419 420 418 418
412 611 414 414
419 605 420 420
414 611 417 417
422 437 424 424
535 617 616 616
144 607 345 345
512 657 341 341
408 613 411 411
437 455 439 439
437 457 455 455
423 612 422 422
457 466 455 455
586 617 606 606
340 610 128 128
585 615 407 407
131 355 130 130
100 356 99 99
340 658 507 507
409 616 586 586
437 612 457 457
422 612 437 437
606 617 567 567
617 618 567 567
535 618 617 617
107 619 106 106
332 654 597 597
498 624 497 497
596 653 334 334
506 621 504 504
337 619 107 107
515 620 519 519
517 620 515 515
342 625 137 137
136 625 338 338
599 622 598 598
588 693 652 652
605 623 423 423
476 623 474 474
427 687 492 492
500 679 498 498
352 628 510 510
503 627 351 351
599 675 543 543
522 670 505 505
133 627 132 132
182 628 181 181
505 669 506 506
162 629 161 161
338 671 522 522
504 621 507 507
471 631 450 450
522 671 670 670
427 630 373 373
370 630 369 369
598 622 350 350
147 632 146 146
550 633 551 551
497 624 342 342
474 623 605 605
505 670 669 669
500 664 345 345
557 692 648 648
137 625 136 136
619 638 106 106
444 634 445 445
580 626 581 581
543 675 542 542
154 635 153 153
155 636 154 154
344 663 480 480
472 639 471 471
326 648 594 594
624 681 342 342
579 626 580 580
105 638 335 335
530 652 532 532
465 638 619 619
323 631 595 595
551 640 552 552
589 633 336 336
482 667 344 344
341 666 514 514
161 642 160 160
364 644 438 438
327 643 117 117
116 643 590 590
478 650 337 337
652 693 534 534
369 644 366 366
148 645 147 147
126 646 323 323
591 626 327 327
610 646 127 127
336 647 110 110
464 650 545 545
588 652 331 331
554 648 553 553
460 650 478 478
640 689 578 578
578 651 462 462
351 627 133 133
181 628 352 352
325 629 162 162
470 694 468 468
484 649 486 486
483 649 484 484
569 653 562 562
567 654 566 566
496 672 353 353
373 630 370 370
623 669 423 423
524 659 527 527
450 631 473 473
492 656 427 427
543 668 599 599
8 673 140 140
174 672 7 7
485 655 324 324
141 673 8 8
7 672 173 173
146 632 333 333
558 661 557 557
662 679 500 500
491 656 487 487
341 657 101 101
549 633 550 550
129 658 340 340
354 673 499 499
100 657 356 356
355 658 130 130
495 674 641 641
534 660 535 535
324 655 168 168
629 694 470 470
445 634 465 465
492 637 490 490
169 667 324 324
600 666 103 103
506 669 623 623
344 667 170 170
102 666 341 341
153 635 332 332
334 636 155 155
592 675 328 328
615 668 543 543
375 687 427 427
490 637 495 495
167 680 166 166
5 678 182 182
132 677 6 6
455 681 456 456
99 678 5 5
6 677 131 131
106 638 105 105
542 639 472 472
552 640 578 578
579 682 626 626
614 641 325 325
160 642 326 326
456 681 624 624
496 663 172 172
345 664 143 143
626 682 327 327
117 643 116 116
626 685 581 581
622 685 350 350
142 664 499 499
171 663 344 344
323 690 631 631
366 644 364 364
633 691 336 336
331 645 148 148
127 646 126 126
110 647 109 109
471 686 631 631
591 685 626 626
600 665 516 516
633 688 551 551
557 648 554 554
486 649 493 493
545 650 460 460
462 651 461 461
532 652 534 534
631 690 473 473
168 655 167 167
549 691 633 633
562 653 561 561
618 654 567 567
488 655 485 485
489 656 492 492
172 663 171 171
487 656 489 489
143 664 142 142
631 686 595 595
101 657 100 100
525 659 524 524
130 658 129 129
335 683 665 665
561 661 558 558
535 660 618 618
589 688 633 633
637 687 425 425
537 662 525 525
499 664 500 500
639 686 471 471
480 663 496 496
551 688 640 640
335 665 600 600
516 665 518 518
627 677 132 132
182 678 628 628
537 679 662 662
103 666 102 102
170 667 169 169
336 691 647 647
646 690 323 323
599 668 622 622
582 668 615 615
423 669 612 612
670 671 457 457
612 670 457 457
340 676 610 610
492 687 637 637
140 673 354 354
353 672 174 174
669 670 612 612
327 682 643 643
457 671 466 466
469 674 574 574
328 675 599 599
661 692 557 557
641 694 325 325
330 689 593 593
464 684 650 650
356 678 99 99
131 677 355 355
456 679 537 537
622 668 582 582
166 680 329 329
578 689 651 651
466 681 455 455
638 683 335 335
355 677 627 627
628 678 356 356
463 682 579 579
534 693 660 660
594 692 347 347
350 685 591 591
349 693 588 588
425 687 375 375
595 686 348 348
473 690 475 475
346 688 589 589
467 691 549 549
476 676 621 621
348 686 639 639
640 688 346 346
337 684 619 619
634 683 465 465
465 683 638 638
647 691 467 467
475 690 646 646
641 674 469 469
325 694 629 629
643 682 463 463
651 689 330 330
650 684 337 337
347 692 661 661
660 693 349 349
133 132 132 700
140 139 139 701
14 318 318 700
320 16 16 701
134 705 705 709
704 138 138 708
705 698 698 709
697 704 704 708
695 710 710 712
711 696 696 713
57 4 4 712
2 50 50 713
16 140 140 701
132 14 14 700
52 53 53 702
51 52 52 698
53 54 54 699
55 56 56 697
54 55 55 703
139 138 138 704
134 133 133 705
53 699 699 702
698 52 52 702
699 54 54 703
55 697 697 703
135 134 134 709
138 137 137 708
698 705 705 711
704 697 697 710
51 698 698 711
697 56 56 710
710 57 57 712
50 711 711 713
136 135 135 707
137 136 136 706
699 703 703 706
702 699 699 707
56 57 57 710
50 51 51 711
319 320 320 695
318 317 317 696
699 706 706 707
703 697 697 708
698 702 702 709
706 703 703 708
702 707 707 709
707 135 135 709
137 706 706 708
706 136 136 707
696 711 711 715
710 695 695 714
133 700 700 715
701 139 139 714
695 320 320 701
318 696 696 700
139 704 704 714
705 133 133 715
704 710 710 714
711 705 705 715
696 317 317 713
319 695 695 712
4 319 319 712
317 2 2 713
695 701 701 714
700 696 696 715
14 132 132 6
140 16 16 8
14 6 6 10
16 12 12 8
5 9 9 99
6 183 183 10
131 183 183 6
9 215 215 99
99 215 215 100
100 214 214 101
215 214 214 100
101 212 212 102
213 212 212 101
214 213 213 101
102 211 211 103
212 211 211 102
103 210 210 104
211 210 210 103
104 209 209 105
210 209 209 104
105 208 208 106
209 208 208 105
106 207 207 107
208 207 207 106
107 206 206 108
207 206 206 107
108 205 205 109
206 205 205 108
109 204 204 110
205 204 204 109
110 203 203 111
204 203 203 110
111 202 202 112
203 202 202 111
112 201 201 113
202 201 201 112
113 200 200 114
201 200 200 113
114 199 199 115
200 199 199 114
115 198 198 116
199 198 198 115
116 197 197 117
198 197 197 116
117 196 196 118
197 196 196 117
118 195 195 119
196 195 195 118
119 194 194 120
195 194 194 119
193 121 121 120
194 193 193 120
122 121 121 192
192 121 121 193
123 122 122 191
191 122 122 192
124 123 123 190
123 191 191 190
125 124 124 189
189 124 124 190
126 125 125 188
188 125 125 189
127 126 126 187
187 126 126 188
128 127 127 186
186 127 127 187
129 128 128 185
128 186 186 185
130 129 129 185
131 130 130 184
184 130 130 185
183 131 131 184
749 781 716 716
748 782 717 717
751 766 748 748
722 766 747 747
747 766 759 759
748 766 722 722
49 781 749 749
281 782 748 748
2 781 49 49
13 782 281 281
249 784 14 14
17 783 1 1
717 783 751 751
716 784 750 750
253 719 252 252
265 732 264 264
27 739 26 26
33 745 32 32
45 733 44 44
23 735 22 22
29 741 28 28
41 724 40 40
35 731 34 34
261 742 260 260
718 746 47 47
273 725 272 272
25 738 24 24
255 736 254 254
257 737 256 256
267 730 266 266
21 734 20 20
47 746 46 46
279 747 278 278
31 743 30 30
263 744 262 262
271 727 270 270
275 723 274 274
277 720 276 276
280 722 279 279
269 728 268 268
37 729 36 36
259 740 258 258
722 747 279 279
43 721 42 42
48 718 47 47
39 726 38 38
49 749 48 48
281 748 280 280
731 768 732 732
732 757 731 731
730 769 745 745
745 765 730 730
728 775 743 743
729 776 744 744
743 772 728 728
744 771 729 729
742 780 726 726
741 777 727 727
726 758 742 742
727 770 741 741
724 754 740 740
725 779 739 739
739 778 725 725
740 767 724 724
721 761 737 737
734 763 720 720
723 764 738 738
737 762 721 721
738 774 723 723
719 755 733 733
719 760 746 746
736 761 721 721
735 764 723 723
720 773 734 734
733 755 736 736
734 773 747 747
720 763 735 735
735 756 720 720
723 756 735 735
747 759 734 734
736 752 733 733
733 760 719 719
721 752 736 736
725 774 738 738
738 779 725 725
724 762 737 737
737 754 724 724
740 758 726 726
739 770 727 727
727 778 739 739
726 767 740 740
741 775 728 728
742 776 729 729
728 777 741 741
729 780 742 742
744 768 731 731
743 769 730 730
730 772 743 743
731 771 744 744
732 765 745 745
745 757 732 732
280 748 722 722
48 749 718 718
746 786 719 719
716 750 749 749
717 751 748 748
252 786 251 251
253 755 719 719
255 761 736 736
257 754 737 737
25 779 738 738
740 754 258 258
21 763 734 734
23 764 735 735
742 758 260 260
27 770 739 739
41 762 724 724
732 768 264 264
277 773 720 720
273 774 725 725
743 775 30 30
746 760 46 46
744 776 262 262
33 757 745 745
741 770 28 28
45 760 733 733
259 758 740 740
739 779 26 26
731 757 34 34
31 769 743 743
265 765 732 732
730 765 266 266
29 775 741 741
37 780 729 729
263 768 744 744
275 756 723 723
261 776 742 742
35 771 731 731
721 762 42 42
267 772 730 730
725 778 272 272
724 767 40 40
745 769 32 32
728 772 268 268
729 771 36 36
43 752 721 721
738 764 24 24
747 773 278 278
269 777 728 728
735 763 22 22
727 777 270 270
720 756 276 276
726 780 38 38
271 778 727 727
723 774 274 274
734 759 20 20
39 767 726 726
737 761 256 256
733 752 44 44
736 755 254 254
251 785 250 250
751 783 17 17
750 784 249 249
318 716 317 317
315 717 316 316
251 786 753 753
753 785 251 251
749 785 718 718
18 751 17 17
250 750 249 249
18 766 751 751
256 761 255 255
258 754 257 257
759 766 19 19
260 758 259 259
40 767 39 39
44 752 43 43
46 760 45 45
276 756 275 275
278 773 277 277
42 762 41 41
718 753 746 746
32 769 31 31
270 777 269 269
264 768 263 263
22 763 21 21
274 774 273 273
38 780 37 37
20 759 19 19
26 779 25 25
254 755 253 253
30 775 29 29
262 776 261 261
19 766 18 18
36 771 35 35
268 772 267 267
272 778 271 271
24 764 23 23
28 770 27 27
34 757 33 33
266 765 265 265
719 786 252 252
750 785 749 749
316 782 13 13
317 781 2 2
14 784 318 318
1 783 315 315
716 781 317 317
717 782 316 316
318 784 716 716
315 783 717 717
753 786 746 746
718 785 753 753
250 785 750 750
215 787 9 9
13 787 281 281
195 791 196 196
249 788 14 14
184 796 185 185
189 800 190 190
192 790 193 193
253 789 252 252
258 802 257 257
260 803 259 259
262 791 261 261
194 792 195 195
197 794 198 198
261 792 260 260
264 794 263 263
196 793 197 197
203 808 204 204
265 804 264 264
10 788 183 183
186 789 187 187
191 802 192 192
193 803 194 194
251 796 250 250
256 800 255 255
259 790 258 258
198 804 199 199
263 793 262 262
270 808 269 269
183 795 184 184
185 797 186 186
187 798 188 188
188 799 189 189
190 801 191 191
200 806 201 201
206 809 207 207
207 810 208 208
209 811 210 210
211 812 212 212
212 813 213 213
214 814 215 215
250 795 249 249
252 797 251 251
254 798 253 253
255 799 254 254
257 801 256 256
267 806 266 266
273 809 272 272
274 810 273 273
276 811 275 275
278 812 277 277
279 813 278 278
281 814 280 280
199 805 200 200
202 807 203 203
266 805 265 265
269 807 268 268
201 815 202 202
204 816 205 205
205 817 206 206
208 818 209 209
210 819 211 211
213 820 214 214
268 815 267 267
271 816 270 270
272 817 271 271
275 818 274 274
277 819 276 276
280 820 279 279
9 787 13 13
251 797 185 185
280 814 214 214
183 788 249 249
185 796 251 251
187 789 253 253
253 798 187 187
189 799 255 255
255 800 189 189
191 801 257 257
257 802 191 191
258 790 192 192
259 803 193 193
196 791 262 262
261 791 195 195
195 792 261 261
262 793 196 196
263 794 197 197
198 794 264 264
264 804 198 198
204 808 270 270
273 810 207 207
277 812 211 211
211 819 277 277
213 813 279 279
207 809 273 273
210 811 276 276
14 788 10 10
249 795 183 183
184 795 250 250
250 796 184 184
252 789 186 186
190 800 256 256
192 802 258 258
193 790 259 259
260 792 194 194
194 803 260 260
197 793 263 263
199 804 265 265
200 805 266 266
266 806 200 200
201 806 267 267
268 807 202 202
269 808 203 203
270 816 204 204
206 817 272 272
281 787 215 215
272 809 206 206
274 818 208 208
275 811 209 209
265 805 199 199
267 815 201 201
202 815 268 268
203 807 269 269
212 812 278 278
278 813 212 212
279 820 213 213
214 820 280 280
208 810 274 274
209 818 275 275
188 798 254 254
254 799 188 188
256 801 190 190
205 816 271 271
271 817 205 205
276 819 210 210
215 814 281 281
186 797 252 252
248 11 7 7
7 173 248 248
8 12 216 216
141 8 216 216
217 142 141 141
217 141 216 216
218 143 142 142
218 142 217 217
219 144 143 143
219 143 218 218
220 145 144 144
220 144 219 219
221 146 145 145
221 145 220 220
222 147 146 146
222 146 221 221
223 148 147 147
223 147 222 222
224 149 148 148
224 148 223 223
150 149 224 224
151 150 225 225
225 150 224 224
151 226 152 152
225 226 151 151
152 227 153 153
226 227 152 152
153 228 154 154
227 228 153 153
154 229 155 155
228 229 154 154
155 230 156 156
229 230 155 155
156 231 157 157
230 231 156 156
157 232 158 158
231 232 157 157
158 233 159 159
232 233 158 158
159 234 160 160
233 234 159 159
160 235 161 161
234 235 160 160
161 236 162 162
235 236 161 161
163 162 238 238
236 237 162 162
162 237 238 238
164 163 238 238
165 164 239 239
239 164 238 238
166 165 240 240
240 165 239 239
242 167 166 166
241 166 240 240
242 166 241 241
243 168 167 167
243 167 242 242
244 169 168 168
244 168 243 243
245 170 169 169
245 169 244 244
246 171 170 170
246 170 245 245
247 172 171 171
247 171 246 246
248 173 172 172
248 172 247 247
853 884 822 822
821 887 854 854
855 863 853 853
854 875 856 856
849 867 865 865
847 864 830 830
823 867 849 849
864 869 830 830
824 859 857 857
827 863 851 851
863 866 851 851
824 857 850 850
852 880 879 879
835 879 848 848
852 879 835 835
879 881 848 848
833 875 854 854
853 863 827 827
854 887 58 58
90 884 853 853
3 884 90 90
314 885 15 15
58 887 4 4
16 886 282 282
856 886 821 821
822 885 855 855
834 844 64 64
62 831 61 61
310 846 829 829
67 832 66 66
291 840 292 292
69 837 68 68
306 845 828 828
85 824 84 84
76 847 75 75
75 830 74 74
305 845 306 306
64 844 63 63
835 848 295 295
73 836 72 72
75 847 830 830
306 828 307 307
310 829 311 311
302 823 303 303
303 849 304 304
284 842 285 285
286 839 287 287
293 852 294 294
81 826 80 80
88 851 87 87
89 827 88 88
289 843 290 290
294 835 295 295
295 848 296 296
300 825 301 301
823 849 303 303
309 846 310 310
827 851 88 88
294 852 835 835
297 841 298 298
60 833 59 59
78 838 77 77
65 834 64 64
824 850 84 84
84 850 83 83
90 853 89 89
59 854 58 58
833 871 842 842
832 878 843 843
838 860 825 825
832 882 840 840
847 861 825 825
823 860 838 838
838 867 823 823
826 862 849 849
850 857 828 828
825 861 838 838
842 875 833 833
830 869 841 841
843 873 832 832
845 862 826 826
831 872 839 839
839 876 831 831
834 873 843 843
851 866 829 829
836 877 848 848
836 870 841 841
825 864 847 847
841 877 836 836
849 865 826 826
846 859 824 824
840 878 832 832
848 881 836 836
839 872 844 844
841 870 830 830
837 880 852 852
852 883 837 837
842 871 831 831
837 883 840 840
840 882 837 837
831 876 842 842
89 853 827 827
833 854 59 59
828 890 850 850
829 891 851 851
826 888 845 845
844 893 839 839
824 889 846 846
843 892 834 834
822 855 853 853
854 856 821 821
288 892 289 289
82 888 81 81
83 890 82 82
87 891 86 86
86 889 85 85
287 893 288 288
832 873 66 66
60 871 833 833
844 872 63 63
284 875 842 842
62 872 831 831
286 876 839 839
848 877 296 296
840 883 292 292
302 860 823 823
849 862 304 304
76 861 847 847
305 862 845 845
838 861 77 77
291 878 840 840
300 864 825 825
843 878 290 290
73 870 836 836
78 867 838 838
297 877 841 841
841 869 298 298
828 857 307 307
825 860 301 301
293 883 852 852
69 880 837 837
67 882 832 832
830 870 74 74
829 866 311 311
65 873 834 834
836 881 72 72
309 859 846 846
826 865 80 80
831 871 61 61
837 882 68 68
842 876 285 285
282 886 856 856
855 885 314 314
319 821 320 320
322 822 321 321
86 891 858 858
868 888 82 82
874 892 288 288
82 890 868 868
858 889 86 86
288 893 874 874
313 855 314 314
282 856 283 283
313 863 855 855
856 875 283 283
285 876 286 286
846 858 829 829
283 875 284 284
845 868 828 828
865 867 79 79
308 859 309 309
312 866 863 863
74 870 73 73
301 860 302 302
857 859 308 308
299 864 300 300
79 867 78 78
299 869 864 864
311 866 312 312
307 857 308 308
77 861 76 76
304 862 305 305
312 863 313 313
80 865 79 79
296 877 297 297
71 881 879 879
63 872 62 62
66 873 65 65
834 874 844 844
71 879 70 70
61 871 60 60
879 880 70 70
70 880 69 69
298 869 299 299
290 878 291 291
72 881 71 71
68 882 67 67
292 883 293 293
81 888 826 826
85 889 824 824
851 891 87 87
850 890 83 83
289 892 843 843
839 893 287 287
15 885 322 322
321 884 3 3
4 887 319 319
320 886 16 16
822 884 321 321
322 885 822 822
821 886 320 320
319 887 821 821
845 888 868 868
858 891 829 829
874 893 844 844
868 890 828 828
834 892 874 874
846 889 858 858
248 11 11 894
15 314 314 894
228 229 229 897
282 16 16 901
217 218 218 903
222 223 223 907
225 226 226 896
286 285 285 895
291 290 290 909
293 292 292 910
295 294 294 897
227 228 228 898
230 231 231 899
294 293 293 898
297 296 296 899
229 230 230 911
236 237 237 915
298 297 297 900
12 216 216 901
219 220 220 895
224 225 225 909
226 227 227 910
284 283 283 903
289 288 288 907
292 291 291 896
231 232 232 900
296 295 295 911
303 302 302 915
216 217 217 902
218 219 219 904
220 221 221 905
221 222 222 906
223 224 224 908
233 234 234 913
239 240 240 916
240 241 241 917
242 243 243 918
244 245 245 919
245 246 246 920
247 248 248 921
283 282 282 902
285 284 284 904
287 286 286 905
288 287 287 906
290 289 289 908
300 299 299 913
306 305 305 916
307 306 306 917
309 308 308 918
311 310 310 919
312 311 311 920
314 313 313 921
232 233 233 912
235 236 236 914
299 298 298 912
302 301 301 914
234 235 235 922
237 238 238 923
238 239 239 924
241 242 242 925
243 244 244 926
246 247 247 927
301 300 300 922
304 303 303 923
305 304 304 924
308 307 307 925
310 309 309 926
313 312 312 927
11 15 15 894
284 218 218 904
313 247 247 921
216 282 282 901
218 284 284 903
220 286 286 895
286 220 220 905
222 288 288 906
288 222 222 907
224 290 290 908
290 224 224 909
291 225 225 896
292 226 226 910
229 295 295 897
294 228 228 897
228 294 294 898
295 229 229 911
296 230 230 899
231 297 297 899
297 231 231 900
237 303 303 915
306 240 240 917
310 244 244 919
244 310 310 926
246 312 312 920
240 306 306 916
243 309 309 918
16 12 12 901
282 216 216 902
217 283 283 902
283 217 217 903
285 219 219 895
223 289 289 907
225 291 291 909
226 292 292 896
293 227 227 898
227 293 293 910
230 296 296 911
232 298 298 900
233 299 299 912
299 233 233 913
234 300 300 913
301 235 235 914
302 236 236 915
303 237 237 923
239 305 305 924
314 248 248 894
305 239 239 916
307 241 241 925
308 242 242 918
298 232 232 912
300 234 234 922
235 301 301 922
236 302 302 914
245 311 311 919
311 245 245 920
312 246 246 927
247 313 313 927
241 307 307 917
242 308 308 925
221 287 287 905
287 221 221 906
289 223 223 908
238 304 304 923
304 238 238 924
309 243 243 926
248 314 314 921
219 285 285 904
0 0 0 0
